0.002079
0.002079
0.002079
0.002079
0.002079
0.002079
0.002079
0.002079
0.002079
0.002079
0.002079
0.002079
0.002079
0.002079
0.002079
0.002079
0.002079
0.002079
0.002079
0.002079
0.002079
0.002079
0.002079
0.002079
0.002079
0.002079
0.002079
0.002079
0.002079
0.002079
0.002079
0.002079
0.002079
0.002079
0.002079
0.002079
0.002079
0.002079
0.002079
0.002079
0.002079
0.002079
0.002079
0.002079
0.002079
0.002079
0.002079
0.002079
0.002079
0.002079
0.002079
0.002079
0.002079
0.002079
0.002079
0.002079
0.002079
0.002079
0.002079
0.002079
0.002079
0.002079
0.002079
0.002079
0.002079
0.002079
0.002079
0.002079
0.002079
0.002079
0.002079
0.002079
0.002079
0.002079
0.002079
0.002079
0.002079
0.002079
0.002079
0.002079
0.002079
0.002079
0.002079
0.002079
0.002079
0.002079
0.002079
0.002079
0.002079
0.002079
0.002079
0.002079
0.002079
0.002079
0.004158
0.010395
0.016632
0.024948
0.031185
0.033264
0.031185
0.033264
0.027027
0.014553
0.010395
0.004158
0.002079
0.002079
0.002079
0.002079
0.002079
0.002079
0.002079
0.002079
0.002079
0.002079
0.002079
0.002079
0.002079
0.004158
0.010395
0.024948
0.0519751
0.122661
0.209979
0.286902
0.370062
0.422037
0.411642
0.419958
0.357588
0.276507
0.176715
0.112266
0.0644491
0.024948
0.00623701
0.002079
0.002079
0.002079
0.002079
0.002079
0.002079
0.002079
0.002079
0.002079
0.004158
0.00831601
0.029106
0.0831601
0.185031
0.272349
0.407484
0.559252
0.677755
0.758836
0.775468
0.752599
0.638254
0.519751
0.357588
0.24948
0.128898
0.0561331
0.010395
0.002079
0.002079
0.002079
0.002079
0.002079
0.002079
0.002079
0.00623701
0.00623701
0.00831601
0.024948
0.0706861
0.189189
0.316008
0.43659
0.586279
0.721414
0.808732
0.877339
0.89605
0.881497
0.806653
0.698545
0.548857
0.370062
0.226611
0.0956341
0.02079
0.002079
0.002079
0.002079
0.002079
0.002079
0.002079
0.002079
0.004158
0.00623701
0.014553
0.0602911
0.174636
0.305613
0.43659
0.602911
0.756757
0.858628
0.871102
0.891892
0.887734
0.906445
0.877339
0.821206
0.706861
0.511434
0.299376
0.143451
0.039501
0.002079
0.002079
0.002079
0.002079
0.002079
0.002079
0.002079
0.004158
0.010395
0.043659
0.112266
0.255717
0.407484
0.615385
0.731809
0.817048
0.839917
0.810811
0.785863
0.756757
0.796258
0.821206
0.85447
0.758836
0.650728
0.430353
0.197505
0.0706861
0.002079
0.002079
0.002079
0.002079
0.002079
0.002079
0.002079
0.004158
0.022869
0.0893971
0.226611
0.363825
0.569647
0.740125
0.81289
0.808732
0.746362
0.669439
0.60499
0.573805
0.594595
0.694387
0.804574
0.808732
0.702703
0.536383
0.303534
0.0810811
0.002079
0.002079
0.002079
0.002079
0.002079
0.002079
0.002079
0.004158
0.0582121
0.153846
0.320166
0.509355
0.704782
0.817048
0.821206
0.731809
0.623701
0.507277
0.388773
0.347193
0.411642
0.530146
0.694387
0.806653
0.765073
0.629938
0.388773
0.108108
0.002079
0.002079
0.002079
0.002079
0.002079
0.002079
0.002079
0.010395
0.0997921
0.257796
0.442827
0.642412
0.794179
0.806653
0.72973
0.607069
0.449064
0.334719
0.224532
0.18711
0.237006
0.411642
0.611227
0.783784
0.800416
0.673597
0.424116
0.149688
0.00623701
0.004158
0.002079
0.002079
0.002079
0.002079
0.002079
0.016632
0.178794
0.363825
0.56341
0.765073
0.827443
0.754678
0.613306
0.440748
0.282744
0.143451
0.0831601
0.0831601
0.16632
0.307692
0.544699
0.752599
0.796258
0.700624
0.461538
0.170478
0.00831601
0.004158
0.002079
0.002079
0.002079
0.004158
0.002079
0.039501
0.237006
0.455301
0.673597
0.819127
0.810811
0.671518
0.49896
0.286902
0.153846
0.0686071
0.04158
0.045738
0.133056
0.293139
0.49896
0.738046
0.802495
0.683992
0.474012
0.191268
0.00623701
0.004158
0.002079
0.002079
0.002079
0.002079
0.002079
0.0623701
0.328482
0.571726
0.77131
0.829522
0.75052
0.561331
0.355509
0.172557
0.0706861
0.029106
0.018711
0.04158
0.158004
0.309771
0.534304
0.733888
0.775468
0.673597
0.459459
0.18711
0.004158
0.002079
0.002079
0.002079
0.002079
0.002079
0.004158
0.0831601
0.397089
0.642412
0.810811
0.814969
0.698545
0.45738
0.243243
0.0935551
0.035343
0.00623701
0.016632
0.0623701
0.197505
0.384615
0.590437
0.748441
0.754678
0.623701
0.419958
0.170478
0.004158
0.002079
0.002079
0.002079
0.002079
0.002079
0.004158
0.118503
0.444906
0.698545
0.844075
0.808732
0.623701
0.365904
0.147609
0.0686071
0.018711
0.012474
0.0540541
0.135135
0.293139
0.49896
0.656965
0.760915
0.715177
0.56341
0.349272
0.139293
0.004158
0.002079
0.002079
0.002079
0.002079
0.002079
0.002079
0.158004
0.480249
0.72973
0.844075
0.7921
0.592516
0.336798
0.141372
0.0727651
0.039501
0.0644491
0.122661
0.257796
0.469854
0.621622
0.740125
0.77131
0.644491
0.459459
0.274428
0.101871
0.002079
0.002079
0.002079
0.002079
0.002079
0.002079
0.004158
0.168399
0.480249
0.72973
0.852391
0.804574
0.580042
0.355509
0.201663
0.143451
0.133056
0.182952
0.303534
0.47817
0.629938
0.721414
0.783784
0.696466
0.536383
0.363825
0.185031
0.0727651
0.004158
0.002079
0.002079
0.002079
0.002079
0.002079
0.00623701
0.155925
0.434511
0.700624
0.846154
0.806653
0.696466
0.525988
0.357588
0.318087
0.33264
0.409563
0.548857
0.659044
0.760915
0.806653
0.740125
0.600832
0.407484
0.24948
0.0997921
0.035343
0.004158
0.002079
0.002079
0.002079
0.002079
0.002079
0.00623701
0.12474
0.37422
0.611227
0.808732
0.866944
0.827443
0.762994
0.656965
0.629938
0.64657
0.694387
0.758836
0.810811
0.837838
0.775468
0.594595
0.422037
0.295218
0.133056
0.0519751
0.012474
0.004158
0.004158
0.002079
0.002079
0.002079
0.002079
0.004158
0.0852391
0.266112
0.507277
0.717256
0.852391
0.902287
0.904366
0.898129
0.858628
0.835759
0.848233
0.877339
0.862786
0.762994
0.596674
0.432432
0.276507
0.133056
0.0644491
0.018711
0.00623701
0.004158
0.004158
0.002079
0.002079
0.002079
0.002079
0.004158
0.047817
0.170478
0.340956
0.546778
0.706861
0.831601
0.900208
0.920998
0.918919
0.902287
0.873181
0.819127
0.673597
0.534304
0.367983
0.232848
0.139293
0.0665281
0.02079
0.00623701
0.002079
0.004158
0.004158
0.002079
0.002079
0.002079
0.002079
0.002079
0.00831601
0.0623701
0.149688
0.288981
0.459459
0.611227
0.733888
0.77131
0.769231
0.740125
0.659044
0.534304
0.397089
0.245322
0.149688
0.0873181
0.035343
0.016632
0.00831601
0.004158
0.002079
0.002079
0.002079
0.002079
0.002079
0.002079
0.002079
0.002079
0.00623701
0.00623701
0.018711
0.033264
0.0706861
0.122661
0.158004
0.193347
0.203742
0.191268
0.172557
0.141372
0.0873181
0.0540541
0.029106
0.014553
0.00623701
0.00623701
0.004158
0.002079
0.002079
0.002079
0.002079
0.002079
0.002079
0.002079
0.002079
0.002079
0.002079
0.002079
0.002079
0.002079
0.002079
0.004158
0.00623701
0.00831601
0.00831601
0.00831601
0.00623701
0.00623701
0.002079
0.002079
0.002079
0.002079
0.002079
0.002079
0.002079
0.002079
0.002079
0.002079
0.002079
0.002079
0.002079
0.002079
0.002079
0.002079
0.002079
0.002079
0.002079
0.002079
0.002079
0.002079
0.002079
0.002079
0.002079
0.002079
0.002079
0.002079
0.002079
0.002079
0.002079
0.002079
0.002079
0.002079
0.002079
0.002079
0.002079
0.002079
0.002079
0.002079
0.002079
0.002079
0.002079
0.002079
0.002079
0.002079
0.002079
0.002079
0.002079
0.002079
0.002079
0.002079
0.002079
0.002079
0.002079
0.002079
0.002079
0.002079
0.002079
0.002079
0.002079
0.002079
0.002079
0.002079
0.002079
0.002079
0.002079
0.002079
0.00176991
0.00176991
0.00176991
0.00176991
0.00176991
0.00176991
0.00176991
0.00176991
0.00176991
0.00176991
0.00176991
0.00176991
0.00176991
0.00176991
0.00176991
0.00176991
0.00176991
0.00176991
0.00176991
0.00176991
0.00176991
0.00176991
0.00176991
0.00176991
0.00176991
0.00176991
0.00176991
0.00176991
0.00176991
0.00176991
0.00176991
0.00176991
0.00176991
0.00176991
0.00176991
0.00176991
0.00176991
0.00176991
0.00176991
0.00176991
0.00176991
0.00176991
0.00176991
0.00176991
0.00176991
0.00176991
0.00176991
0.00176991
0.00176991
0.00176991
0.00176991
0.00176991
0.00176991
0.00176991
0.00176991
0.00176991
0.00176991
0.00176991
0.00176991
0.00176991
0.00176991
0.00176991
0.00176991
0.00176991
0.00176991
0.00176991
0.00176991
0.00176991
0.00176991
0.00176991
0.00176991
0.00176991
0.00176991
0.00176991
0.00176991
0.00176991
0.00176991
0.00176991
0.00176991
0.00176991
0.00176991
0.00176991
0.00176991
0.00176991
0.00176991
0.00176991
0.00176991
0.00176991
0.00176991
0.00176991
0.00176991
0.00176991
0.00176991
0.00176991
0.00176991
0.00353982
0.00353982
0.0141593
0.0123894
0.019469
0.0123894
0.0106195
0.0106195
0.00707965
0.00530973
0.00530973
0.00176991
0.00176991
0.00176991
0.00176991
0.00176991
0.00176991
0.00176991
0.00176991
0.00176991
0.00176991
0.00353982
0.00176991
0.00176991
0.00353982
0.00353982
0.00530973
0.0176991
0.040708
0.0902655
0.175221
0.230089
0.249558
0.228319
0.247788
0.249558
0.212389
0.139823
0.0654867
0.0265487
0.00530973
0.00353982
0.00176991
0.00176991
0.00176991
0.00176991
0.00176991
0.00353982
0.00353982
0.00176991
0.00176991
0.00530973
0.00707965
0.00707965
0.00884956
0.0300885
0.0707965
0.145133
0.288496
0.384071
0.444248
0.470796
0.467257
0.444248
0.369911
0.217699
0.109735
0.0424779
0.0106195
0.00530973
0.00176991
0.00353982
0.00176991
0.00176991
0.00176991
0.00176991
0.00176991
0.00176991
0.00176991
0.00530973
0.00707965
0.0106195
0.0106195
0.0371681
0.0761062
0.161062
0.313274
0.463717
0.527434
0.573451
0.548673
0.488496
0.385841
0.219469
0.104425
0.0336283
0.00884956
0.00530973
0.00176991
0.00176991
0.00176991
0.00176991
0.00176991
0.00176991
0.00353982
0.00353982
0.00353982
0.00707965
0.00884956
0.0106195
0.0123894
0.0300885
0.0743363
0.173451
0.341593
0.513274
0.623009
0.654867
0.59469
0.493805
0.350442
0.175221
0.0672566
0.0212389
0.00707965
0.00176991
0.00176991
0.00176991
0.00176991
0.00176991
0.00176991
0.00176991
0.00353982
0.00353982
0.00176991
0.00353982
0.00707965
0.0106195
0.0123894
0.0247788
0.0761062
0.184071
0.362832
0.576991
0.723894
0.739823
0.59115
0.474336
0.277876
0.104425
0.0371681
0.0141593
0.00176991
0.00176991
0.00176991
0.00176991
0.00176991
0.00176991
0.00353982
0.00176991
0.00353982
0.00176991
0.00176991
0.00353982
0.00530973
0.00884956
0.0141593
0.0230088
0.0725664
0.182301
0.40354
0.665487
0.840708
0.764602
0.576991
0.39469
0.20708
0.0584071
0.0106195
0.00353982
0.00176991
0.00176991
0.00176991
0.00176991
0.00176991
0.00176991
0.00353982
0.00176991
0.00176991
0.00176991
0.00176991
0.00353982
0.00353982
0.00884956
0.0159292
0.019469
0.0637168
0.189381
0.465487
0.79823
0.923894
0.776991
0.530973
0.311504
0.115044
0.0230088
0.00530973
0.00176991
0.00176991
0.00176991
0.00353982
0.00176991
0.00176991
0.00176991
0.00176991
0.00176991
0.00176991
0.00176991
0.00176991
0.00353982
0.00884956
0.0106195
0.0123894
0.019469
0.0442478
0.20177
0.582301
0.909734
0.952212
0.762832
0.465487
0.20177
0.0389381
0.00530973
0.00353982
0.00176991
0.00176991
0.00176991
0.00353982
0.00176991
0.00176991
0.00176991
0.00176991
0.00176991
0.00176991
0.00176991
0.00176991
0.00707965
0.00707965
0.00884956
0.0123894
0.0141593
0.0371681
0.244248
0.732743
0.978761
0.964602
0.746903
0.368142
0.100885
0.0159292
0.00176991
0.00353982
0.00176991
0.00176991
0.00176991
0.00176991
0.00176991
0.00176991
0.00176991
0.00176991
0.00176991
0.00176991
0.00176991
0.00353982
0.00530973
0.00530973
0.00707965
0.0106195
0.0106195
0.0495575
0.361062
0.892035
0.989381
0.966372
0.686726
0.235398
0.0424779
0.00353982
0.00176991
0.00176991
0.00176991
0.00176991
0.00176991
0.00176991
0.00176991
0.00176991
0.00176991
0.00176991
0.00176991
0.00176991
0.00176991
0.00530973
0.00353982
0.00176991
0.00353982
0.00707965
0.019469
0.106195
0.516814
0.953982
0.99469
0.943363
0.506195
0.113274
0.0159292
0.00353982
0.00353982
0.00353982
0.00176991
0.00176991
0.00176991
0.00353982
0.00353982
0.00176991
0.00176991
0.00176991
0.00176991
0.00176991
0.00176991
0.00176991
0.00176991
0.00530973
0.00530973
0.00707965
0.0300885
0.215929
0.658407
0.959292
0.99469
0.892035
0.364602
0.0637168
0.0123894
0.00353982
0.00353982
0.00353982
0.00176991
0.00176991
0.00176991
0.00176991
0.00176991
0.00176991
0.00176991
0.00176991
0.00176991
0.00176991
0.00353982
0.00353982
0.00530973
0.00530973
0.00530973
0.0141593
0.0938053
0.355752
0.718584
0.959292
0.976991
0.773451
0.254867
0.0424779
0.00884956
0.00884956
0.00176991
0.00176991
0.00176991
0.00176991
0.00176991
0.00176991
0.00176991
0.00176991
0.00176991
0.00176991
0.00176991
0.00176991
0.00353982
0.00530973
0.00530973
0.00530973
0.0123894
0.0513274
0.221239
0.467257
0.745133
0.950442
0.904425
0.564602
0.212389
0.0389381
0.0141593
0.0123894
0.00353982
0.00176991
0.00176991
0.00176991
0.00176991
0.00176991
0.00353982
0.00176991
0.00176991
0.00176991
0.00176991
0.00176991
0.00176991
0.00176991
0.00530973
0.00884956
0.0283186
0.122124
0.320354
0.543363
0.768142
0.911504
0.79823
0.442478
0.20531
0.0566372
0.0212389
0.0176991
0.0106195
0.00707965
0.00353982
0.00353982
0.00353982
0.00176991
0.00353982
0.00530973
0.00176991
0.00176991
0.00176991
0.00176991
0.00176991
0.00353982
0.00353982
0.0176991
0.0778761
0.230089
0.40354
0.59292
0.752212
0.830088
0.649558
0.40177
0.20531
0.0530973
0.0300885
0.019469
0.0159292
0.0106195
0.00530973
0.00530973
0.00530973
0.00353982
0.00176991
0.00530973
0.00176991
0.00176991
0.00176991
0.00353982
0.00353982
0.00530973
0.0176991
0.0548673
0.157522
0.315044
0.469027
0.6
0.715044
0.713274
0.550442
0.371681
0.219469
0.0672566
0.0318584
0.0212389
0.0141593
0.0141593
0.00707965
0.00530973
0.00707965
0.00707965
0.00176991
0.00176991
0.00176991
0.00176991
0.00176991
0.00353982
0.00353982
0.00530973
0.0318584
0.0867257
0.221239
0.375221
0.495575
0.59823
0.653097
0.617699
0.474336
0.350442
0.228319
0.0920354
0.0371681
0.0159292
0.0141593
0.00884956
0.00530973
0.00353982
0.00530973
0.00353982
0.00353982
0.00176991
0.00176991
0.00176991
0.00176991
0.00353982
0.00353982
0.0106195
0.0336283
0.123894
0.267257
0.4
0.499115
0.545133
0.564602
0.525664
0.454867
0.339823
0.215929
0.0938053
0.040708
0.0159292
0.0106195
0.00530973
0.00353982
0.00353982
0.00353982
0.00353982
0.00176991
0.00176991
0.00176991
0.00176991
0.00176991
0.00176991
0.00353982
0.0141593
0.0336283
0.109735
0.244248
0.375221
0.444248
0.437168
0.438938
0.431858
0.40177
0.288496
0.184071
0.0884956
0.0336283
0.0141593
0.00884956
0.00353982
0.00176991
0.00176991
0.00176991
0.00176991
0.00176991
0.00176991
0.00176991
0.00176991
0.00176991
0.00176991
0.00176991
0.00530973
0.0123894
0.0318584
0.0725664
0.115044
0.143363
0.141593
0.134513
0.138053
0.132743
0.0955752
0.0530973
0.0283186
0.0106195
0.00530973
0.00353982
0.00176991
0.00176991
0.00176991
0.00176991
0.00176991
0.00176991
0.00176991
0.00176991
0.00176991
0.00176991
0.00176991
0.00176991
0.00176991
0.00176991
0.00176991
0.00353982
0.00707965
0.00707965
0.00530973
0.00353982
0.00707965
0.00707965
0.00353982
0.00176991
0.00176991
0.00176991
0.00176991
0.00176991
0.00176991
0.00176991
0.00176991
0.00176991
0.00176991
0.00176991
0.00176991
0.00176991
0.00176991
0.00176991
0.00176991
0.00176991
0.00176991
0.00176991
0.00176991
0.00176991
0.00176991
0.00176991
0.00176991
0.00176991
0.00176991
0.00176991
0.00176991
0.00176991
0.00176991
0.00176991
0.00176991
0.00176991
0.00176991
0.00176991
0.00176991
0.00176991
0.00176991
0.00176991
0.00176991
0.00176991
0.00176991
0.00176991
0.00176991
0.00176991
0.00176991
0.00176991
0.00176991
0.00176991
0.00176991
0.00176991
0.00176991
0.00176991
0.00176991
0.00176991
0.00176991
0.00176991
0.00176991
0.00176991
0.00176991
0.00176991
0.00176991
0.00176991
0.00176991
0.00176991
0.00176991
0.00176991
0.00176991
0.00204082
0.00204082
0.00204082
0.00204082
0.00204082
0.00204082
0.00204082
0.00204082
0.00204082
0.00204082
0.00204082
0.00204082
0.00204082
0.00204082
0.00204082
0.00204082
0.00204082
0.00204082
0.00204082
0.00204082
0.00204082
0.00204082
0.00204082
0.00204082
0.00204082
0.00204082
0.00204082
0.00204082
0.00204082
0.00204082
0.00204082
0.00204082
0.00204082
0.00204082
0.00204082
0.00204082
0.00204082
0.00204082
0.00204082
0.00204082
0.00204082
0.00204082
0.00204082
0.00612245
0.00612245
0.00408163
0.00204082
0.00204082
0.00204082
0.00204082
0.00204082
0.00204082
0.00204082
0.00204082
0.00204082
0.00204082
0.00204082
0.00204082
0.00204082
0.00204082
0.00204082
0.00204082
0.00204082
0.00408163
0.00408163
0.00612245
0.00816326
0.0102041
0.022449
0.0244898
0.0244898
0.0244898
0.0204082
0.022449
0.0122449
0.00816326
0.00204082
0.00204082
0.00204082
0.00408163
0.00408163
0.00204082
0.00204082
0.00204082
0.00204082
0.00204082
0.00204082
0.00204082
0.00204082
0.00408163
0.0122449
0.0244898
0.0428571
0.077551
0.110204
0.163265
0.206122
0.240816
0.263265
0.277551
0.226531
0.179592
0.12449
0.0795918
0.0408163
0.0204082
0.00816326
0.00408163
0.00408163
0.00204082
0.00204082
0.00204082
0.00204082
0.00204082
0.00204082
0.00204082
0.00204082
0.0183673
0.0408163
0.0653061
0.12449
0.216327
0.287755
0.385714
0.481633
0.555102
0.591837
0.589796
0.557143
0.47551
0.34898
0.230612
0.136735
0.0857143
0.0326531
0.00408163
0.00408163
0.00408163
0.00204082
0.00204082
0.00204082
0.00204082
0.00204082
0.00204082
0.00816326
0.0367347
0.0714286
0.136735
0.236735
0.336735
0.457143
0.569388
0.659184
0.734694
0.763265
0.779592
0.736735
0.677551
0.55102
0.4
0.273469
0.163265
0.077551
0.0204082
0.00408163
0.00408163
0.00204082
0.00204082
0.00204082
0.00204082
0.00204082
0.00408163
0.0122449
0.0469388
0.0959184
0.181633
0.308163
0.436735
0.55102
0.642857
0.7
0.734694
0.765306
0.767347
0.771429
0.74898
0.661224
0.520408
0.353061
0.240816
0.120408
0.0326531
0.00408163
0.00204082
0.00204082
0.00204082
0.00204082
0.00204082
0.00408163
0.00612245
0.0265306
0.0673469
0.126531
0.208163
0.326531
0.438776
0.542857
0.604082
0.636735
0.628571
0.593878
0.630612
0.663265
0.712245
0.653061
0.555102
0.432653
0.269388
0.155102
0.0530612
0.00408163
0.00204082
0.00204082
0.00204082
0.00204082
0.00204082
0.00408163
0.00612245
0.0285714
0.0734694
0.110204
0.2
0.279592
0.371429
0.426531
0.438776
0.434694
0.432653
0.426531
0.463265
0.538776
0.636735
0.64898
0.593878
0.469388
0.308163
0.169388
0.055102
0.00204082
0.00204082
0.00204082
0.00204082
0.00204082
0.00204082
0.00408163
0.00612245
0.0285714
0.0693878
0.110204
0.157143
0.195918
0.25102
0.295918
0.304082
0.306122
0.283673
0.295918
0.363265
0.485714
0.6
0.636735
0.591837
0.473469
0.295918
0.17551
0.055102
0.00816326
0.00204082
0.00204082
0.00204082
0.00204082
0.00204082
0.00204082
0.00204082
0.0142857
0.0428571
0.077551
0.0959184
0.130612
0.161224
0.169388
0.17551
0.161224
0.140816
0.226531
0.322449
0.467347
0.593878
0.626531
0.581633
0.473469
0.283673
0.165306
0.0510204
0.00816326
0.00408163
0.00204082
0.00204082
0.00204082
0.00204082
0.00204082
0.00204082
0.0163265
0.0326531
0.0387755
0.055102
0.0653061
0.0795918
0.0938776
0.0979592
0.104082
0.126531
0.22449
0.353061
0.5
0.606122
0.646939
0.567347
0.440816
0.269388
0.140816
0.0346939
0.0142857
0.00816326
0.00204082
0.00204082
0.00204082
0.00204082
0.00204082
0.00408163
0.00816326
0.0163265
0.0265306
0.0367347
0.0510204
0.0653061
0.0857143
0.0857143
0.112245
0.191837
0.3
0.426531
0.561224
0.646939
0.638776
0.540816
0.389796
0.228571
0.116327
0.0346939
0.0183673
0.0122449
0.00408163
0.00204082
0.00204082
0.00204082
0.00204082
0.00408163
0.00612245
0.0183673
0.0285714
0.0510204
0.0816327
0.108163
0.134694
0.193878
0.246939
0.328571
0.432653
0.54898
0.653061
0.687755
0.62449
0.504082
0.326531
0.187755
0.0897959
0.0408163
0.022449
0.0102041
0.00408163
0.00204082
0.00204082
0.00204082
0.00204082
0.00408163
0.0163265
0.0346939
0.0591837
0.120408
0.206122
0.291837
0.334694
0.414286
0.502041
0.587755
0.634694
0.704082
0.718367
0.691837
0.579592
0.455102
0.273469
0.171429
0.0857143
0.0571429
0.0346939
0.00816326
0.00408163
0.00204082
0.00204082
0.00204082
0.00204082
0.00612245
0.022449
0.0857143
0.167347
0.289796
0.391837
0.467347
0.546939
0.634694
0.714286
0.779592
0.787755
0.783673
0.736735
0.673469
0.557143
0.422449
0.295918
0.189796
0.128571
0.0877551
0.0571429
0.0204082
0.00816326
0.00204082
0.00204082
0.00204082
0.00204082
0.0183673
0.0591837
0.169388
0.297959
0.434694
0.542857
0.626531
0.683673
0.777551
0.832653
0.846939
0.85102
0.806122
0.746939
0.657143
0.553061
0.446939
0.328571
0.255102
0.206122
0.142857
0.0979592
0.044898
0.0102041
0.00204082
0.00204082
0.00204082
0.00204082
0.0285714
0.114286
0.269388
0.430612
0.546939
0.622449
0.67551
0.734694
0.767347
0.810204
0.840816
0.820408
0.781633
0.74898
0.663265
0.614286
0.502041
0.422449
0.365306
0.293878
0.212245
0.153061
0.0693878
0.0142857
0.00408163
0.00204082
0.00204082
0.00204082
0.0489796
0.157143
0.338776
0.502041
0.614286
0.673469
0.716327
0.738775
0.759184
0.812245
0.818367
0.791837
0.767347
0.714286
0.67551
0.610204
0.569388
0.493878
0.410204
0.359184
0.27551
0.173469
0.0693878
0.0122449
0.00408163
0.00204082
0.00204082
0.00408163
0.055102
0.2
0.369388
0.54898
0.640816
0.695918
0.753061
0.773469
0.826531
0.814286
0.8
0.785714
0.7
0.665306
0.618367
0.597959
0.563265
0.508163
0.459184
0.35102
0.25102
0.169388
0.0571429
0.00816326
0.00204082
0.00204082
0.00204082
0.00408163
0.0591837
0.195918
0.367347
0.528571
0.644898
0.744898
0.785714
0.820408
0.830612
0.802041
0.738775
0.64898
0.583673
0.565306
0.559184
0.540816
0.528571
0.5
0.404082
0.316327
0.228571
0.134694
0.044898
0.00612245
0.00204082
0.00204082
0.00204082
0.00408163
0.044898
0.157143
0.3
0.444898
0.57551
0.657143
0.742857
0.753061
0.72449
0.653061
0.57551
0.47551
0.412245
0.393878
0.406122
0.406122
0.422449
0.383673
0.326531
0.226531
0.153061
0.0857143
0.0285714
0.00612245
0.00204082
0.00204082
0.00204082
0.00204082
0.0183673
0.0734694
0.187755
0.293878
0.422449
0.497959
0.557143
0.563265
0.52449
0.444898
0.359184
0.293878
0.259184
0.240816
0.25102
0.257143
0.242857
0.226531
0.187755
0.132653
0.0755102
0.0489796
0.0183673
0.00612245
0.00204082
0.00204082
0.00204082
0.00204082
0.00816326
0.0285714
0.0653061
0.112245
0.157143
0.185714
0.208163
0.212245
0.197959
0.169388
0.130612
0.104082
0.104082
0.106122
0.106122
0.110204
0.0897959
0.0816327
0.0632653
0.044898
0.0244898
0.0102041
0.00612245
0.00408163
0.00204082
0.00204082
0.00204082
0.00204082
0.00408163
0.00816326
0.0102041
0.022449
0.0285714
0.0244898
0.022449
0.0285714
0.0265306
0.0265306
0.0244898
0.0244898
0.0244898
0.0244898
0.0204082
0.0183673
0.022449
0.0183673
0.0142857
0.0102041
0.00816326
0.00204082
0.00204082
0.00204082
0.00204082
0.00204082
0.00204082
0.00204082
0.00204082
0.00204082
0.00204082
0.00204082
0.00204082
0.00204082
0.00204082
0.00204082
0.00204082
0.00204082
0.00204082
0.00204082
0.00204082
0.00204082
0.00408163
0.00408163
0.00408163
0.00408163
0.00204082
0.00204082
0.00204082
0.00204082
0.00204082
0.00204082
0.00204082
0.00204082
0.00204082
0.00204082
0.00204082
0.00204082
0.00204082
0.00204082
0.00204082
0.00204082
0.00204082
0.00204082
0.00204082
0.00204082
0.00204082
0.00204082
0.00204082
0.00204082
0.00204082
0.00204082
0.00204082
0.00204082
0.00204082
0.00204082
0.00204082
0.00204082
0.00204082
0.00204082
0.00204082
0.00204082
0.00204082
0.00204082
0.00204082
0.00204082
0.00204082
0.00204082
0.00204082
0.00204082
0.00204082
0.00204082
0.00204082
0.00204082
0.00204082
0.00204082
0.00204082
0.00204082
0.00204082
0.00204082
0.00204082
0.00204082
0.00204082
0.00204082
0.00204082
0.00204082
0.00204082
0.00204082
0.00204082
0.0020202
0.0020202
0.0020202
0.0020202
0.0020202
0.0020202
0.0020202
0.0020202
0.0020202
0.0020202
0.0020202
0.0020202
0.0020202
0.0020202
0.0020202
0.0020202
0.0020202
0.0020202
0.0020202
0.0020202
0.0020202
0.0020202
0.0020202
0.0020202
0.0020202
0.0020202
0.0020202
0.0020202
0.0020202
0.0020202
0.0020202
0.0020202
0.0020202
0.0020202
0.0020202
0.0020202
0.0020202
0.0020202
0.0020202
0.0020202
0.0020202
0.0020202
0.0020202
0.0020202
0.0020202
0.0020202
0.0020202
0.0020202
0.0020202
0.0020202
0.0020202
0.0020202
0.0020202
0.0020202
0.0020202
0.0020202
0.0020202
0.0020202
0.0020202
0.0020202
0.0020202
0.0020202
0.0020202
0.0020202
0.0020202
0.0020202
0.0020202
0.0020202
0.0020202
0.0020202
0.0020202
0.0020202
0.0020202
0.0020202
0.0020202
0.0020202
0.0020202
0.0020202
0.0020202
0.0020202
0.0020202
0.0020202
0.0020202
0.0020202
0.0020202
0.0020202
0.0020202
0.0020202
0.0020202
0.0040404
0.0040404
0.0040404
0.00606061
0.010101
0.0121212
0.0222222
0.0282828
0.0343434
0.0343434
0.0343434
0.0323232
0.0282828
0.0161616
0.0141414
0.00606061
0.0040404
0.0020202
0.0020202
0.0020202
0.0020202
0.0020202
0.0020202
0.0020202
0.0020202
0.0020202
0.0040404
0.00606061
0.0161616
0.0242424
0.0565657
0.0848485
0.127273
0.212121
0.286869
0.349495
0.391919
0.412121
0.406061
0.359596
0.29899
0.220202
0.153535
0.0727273
0.0343434
0.010101
0.00606061
0.0020202
0.0020202
0.0020202
0.0020202
0.0020202
0.0020202
0.0020202
0.010101
0.0262626
0.0565657
0.0888889
0.159596
0.254545
0.375758
0.517172
0.626263
0.70303
0.759596
0.785859
0.775758
0.721212
0.610101
0.492929
0.377778
0.234343
0.121212
0.0444444
0.0121212
0.0020202
0.0020202
0.0020202
0.0020202
0.0020202
0.0020202
0.0020202
0.0222222
0.0464646
0.0868687
0.185859
0.280808
0.408081
0.539394
0.70303
0.783838
0.836364
0.880808
0.90101
0.90303
0.890909
0.793939
0.650505
0.521212
0.369697
0.210101
0.107071
0.0262626
0.0020202
0.0020202
0.0020202
0.0020202
0.0020202
0.0040404
0.0020202
0.0242424
0.0606061
0.111111
0.206061
0.30303
0.446465
0.559596
0.634343
0.69899
0.715151
0.723232
0.761616
0.80404
0.789899
0.79798
0.733333
0.620202
0.450505
0.254545
0.125253
0.0484848
0.0020202
0.0020202
0.0020202
0.0020202
0.0020202
0.0020202
0.0020202
0.0282828
0.0666667
0.10101
0.175758
0.242424
0.337374
0.410101
0.448485
0.440404
0.434343
0.436364
0.472727
0.583838
0.678788
0.719192
0.70303
0.626263
0.458586
0.252525
0.121212
0.0464646
0.0020202
0.0020202
0.0020202
0.0020202
0.0020202
0.0020202
0.0040404
0.0181818
0.0383838
0.0747475
0.133333
0.163636
0.206061
0.232323
0.246465
0.250505
0.284848
0.323232
0.40202
0.539394
0.678788
0.757576
0.721212
0.583838
0.412121
0.224242
0.0949495
0.030303
0.0020202
0.0020202
0.0020202
0.0020202
0.0020202
0.0020202
0.0040404
0.00808081
0.0161616
0.040404
0.0666667
0.0787879
0.111111
0.143434
0.175758
0.210101
0.284848
0.389899
0.523232
0.674747
0.79798
0.785859
0.682828
0.492929
0.321212
0.153535
0.0686869
0.020202
0.0020202
0.0020202
0.0020202
0.0020202
0.0020202
0.0020202
0.0020202
0.0040404
0.010101
0.0181818
0.0323232
0.0484848
0.0848485
0.151515
0.240404
0.361616
0.49899
0.626263
0.763636
0.838384
0.866667
0.769697
0.587879
0.385859
0.228283
0.0929293
0.0282828
0.010101
0.0020202
0.0020202
0.0020202
0.0020202
0.0020202
0.0020202
0.0020202
0.0020202
0.00606061
0.010101
0.0222222
0.0464646
0.115152
0.226263
0.375758
0.561616
0.721212
0.808081
0.888889
0.90101
0.854545
0.719192
0.519192
0.317172
0.165657
0.0585859
0.0222222
0.00808081
0.0020202
0.0020202
0.0020202
0.0020202
0.0020202
0.0020202
0.0020202
0.0040404
0.00606061
0.00808081
0.0222222
0.0767677
0.165657
0.317172
0.519192
0.707071
0.816162
0.886869
0.89899
0.884848
0.834343
0.763636
0.547475
0.355556
0.177778
0.0767677
0.020202
0.00606061
0.0020202
0.0020202
0.0020202
0.0020202
0.0020202
0.0020202
0.0020202
0.0020202
0.00808081
0.0121212
0.030303
0.0747475
0.185859
0.349495
0.50303
0.670707
0.747475
0.787879
0.793939
0.810101
0.79798
0.775758
0.644444
0.444444
0.272727
0.117172
0.0525253
0.010101
0.0040404
0.0020202
0.0020202
0.0020202
0.0020202
0.0020202
0.0020202
0.0040404
0.00808081
0.0161616
0.0323232
0.0707071
0.153535
0.268687
0.381818
0.486869
0.535354
0.557576
0.577778
0.612121
0.713131
0.753535
0.721212
0.591919
0.353535
0.191919
0.0686869
0.0242424
0.0040404
0.0020202
0.0040404
0.0020202
0.0020202
0.0020202
0.00808081
0.0161616
0.0222222
0.0464646
0.0464646
0.0686869
0.10303
0.157576
0.220202
0.232323
0.252525
0.272727
0.321212
0.40202
0.559596
0.711111
0.745455
0.646465
0.430303
0.250505
0.10303
0.030303
0.0040404
0.0020202
0.0020202
0.0020202
0.0020202
0.0020202
0.010101
0.0363636
0.0747475
0.0969697
0.0949495
0.0949495
0.105051
0.10303
0.0868687
0.0929293
0.10101
0.115152
0.181818
0.335354
0.490909
0.642424
0.735354
0.674747
0.456566
0.260606
0.135354
0.0444444
0.0040404
0.0020202
0.0020202
0.0020202
0.0020202
0.0020202
0.010101
0.0545455
0.133333
0.175758
0.212121
0.212121
0.165657
0.109091
0.0888889
0.0767677
0.0686869
0.10101
0.181818
0.331313
0.513131
0.622222
0.70303
0.660606
0.448485
0.272727
0.149495
0.0444444
0.0040404
0.0020202
0.0020202
0.0020202
0.0020202
0.0020202
0.0161616
0.0787879
0.208081
0.282828
0.355556
0.351515
0.284848
0.20202
0.155556
0.125253
0.135354
0.19596
0.29899
0.458586
0.606061
0.690909
0.709091
0.614141
0.430303
0.254545
0.135354
0.0383838
0.0040404
0.0020202
0.0020202
0.0020202
0.0020202
0.0020202
0.0181818
0.10303
0.230303
0.361616
0.464646
0.50303
0.490909
0.422222
0.375758
0.351515
0.375758
0.462626
0.579798
0.676768
0.753535
0.767677
0.686869
0.517172
0.375758
0.222222
0.109091
0.0343434
0.0040404
0.0020202
0.0020202
0.0020202
0.0020202
0.0020202
0.0181818
0.0828283
0.210101
0.333333
0.515152
0.6
0.654545
0.660606
0.670707
0.654545
0.678788
0.725253
0.787879
0.836364
0.814141
0.739394
0.571717
0.420202
0.286869
0.163636
0.0646465
0.0181818
0.0020202
0.0020202
0.0020202
0.0020202
0.0020202
0.0020202
0.0141414
0.0585859
0.145455
0.270707
0.438384
0.567677
0.686869
0.759596
0.812121
0.850505
0.878788
0.882828
0.878788
0.834343
0.725253
0.577778
0.410101
0.284848
0.161616
0.0848485
0.0363636
0.00808081
0.0020202
0.0020202
0.0020202
0.0020202
0.0020202
0.0020202
0.00606061
0.0343434
0.0929293
0.155556
0.290909
0.424242
0.567677
0.705051
0.769697
0.816162
0.832323
0.820202
0.737374
0.618182
0.49899
0.349495
0.222222
0.143434
0.0666667
0.0262626
0.00808081
0.0040404
0.0020202
0.0020202
0.0020202
0.0020202
0.0020202
0.0020202
0.0020202
0.0141414
0.0363636
0.0646465
0.107071
0.181818
0.228283
0.276768
0.325253
0.363636
0.379798
0.355556
0.290909
0.242424
0.161616
0.10303
0.0525253
0.0262626
0.0161616
0.010101
0.00606061
0.0040404
0.0020202
0.0020202
0.0020202
0.0020202
0.0020202
0.0020202
0.0020202
0.0040404
0.00808081
0.00808081
0.020202
0.0343434
0.0424242
0.050505
0.0464646
0.0565657
0.0545455
0.0565657
0.040404
0.020202
0.0141414
0.010101
0.0121212
0.00606061
0.00606061
0.0040404
0.0040404
0.0020202
0.0020202
0.0020202
0.0020202
0.0020202
0.0020202
0.0020202
0.0020202
0.0020202
0.0020202
0.0020202
0.0020202
0.0020202
0.0020202
0.0020202
0.0040404
0.0040404
0.00606061
0.00606061
0.00606061
0.00606061
0.0040404
0.0040404
0.0040404
0.0040404
0.0040404
0.0040404
0.0020202
0.0020202
0.0020202
0.0020202
0.0020202
0.0020202
0.0020202
0.0020202
0.0020202
0.0020202
0.0020202
0.0020202
0.0020202
0.0020202
0.0020202
0.0020202
0.0020202
0.0020202
0.0020202
0.0020202
0.0020202
0.0020202
0.0020202
0.0020202
0.0020202
0.0020202
0.0020202
0.0020202
0.0020202
0.0020202
0.0020202
0.0020202
0.0020202
0.0020202
0.0018622
0.0018622
0.0018622
0.0018622
0.0018622
0.0018622
0.0018622
0.0018622
0.0018622
0.0018622
0.0018622
0.0018622
0.0018622
0.0018622
0.0018622
0.0018622
0.0018622
0.0018622
0.0018622
0.0018622
0.0018622
0.0018622
0.0018622
0.0018622
0.0018622
0.0018622
0.0018622
0.0018622
0.0018622
0.0018622
0.0018622
0.0018622
0.0018622
0.0018622
0.0018622
0.0018622
0.0018622
0.0018622
0.0018622
0.0018622
0.0018622
0.0018622
0.0018622
0.0018622
0.0018622
0.0018622
0.0018622
0.0018622
0.0018622
0.0018622
0.0018622
0.0018622
0.0018622
0.0018622
0.0018622
0.0018622
0.0018622
0.0018622
0.0018622
0.0018622
0.0018622
0.0018622
0.0018622
0.0018622
0.0018622
0.0018622
0.0018622
0.0018622
0.0018622
0.0018622
0.0018622
0.00372439
0.00372439
0.00372439
0.0018622
0.0018622
0.0018622
0.0018622
0.0018622
0.0018622
0.0018622
0.0018622
0.0018622
0.0018622
0.0018622
0.0018622
0.0018622
0.0018622
0.0018622
0.0018622
0.0018622
0.0018622
0.0018622
0.0018622
0.0018622
0.00372439
0.00372439
0.00372439
0.00372439
0.00558659
0.00558659
0.00558659
0.00558659
0.00558659
0.0111732
0.00931099
0.00744879
0.0018622
0.0018622
0.0018622
0.0018622
0.0018622
0.0018622
0.0018622
0.0018622
0.0018622
0.00558659
0.00744879
0.00744879
0.0148976
0.0204842
0.0223464
0.0242086
0.0242086
0.0316574
0.027933
0.0223464
0.0297952
0.0372439
0.0577281
0.0651769
0.0782123
0.0893855
0.0577281
0.0484171
0.0223464
0.0130354
0.0018622
0.0018622
0.0018622
0.0018622
0.0018622
0.0018622
0.0018622
0.00744879
0.0148976
0.0353817
0.0558659
0.0726257
0.102421
0.126629
0.130354
0.13594
0.119181
0.0893855
0.0837989
0.13594
0.16946
0.221601
0.243948
0.249534
0.195531
0.173184
0.117318
0.0726257
0.00931099
0.0018622
0.0018622
0.0018622
0.0018622
0.0018622
0.00558659
0.0148976
0.0353817
0.0595903
0.0931099
0.148976
0.204842
0.242086
0.268156
0.273743
0.217877
0.154562
0.145251
0.195531
0.271881
0.353817
0.400372
0.389199
0.320298
0.253259
0.163873
0.0931099
0.0242086
0.00372439
0.0018622
0.0018622
0.0018622
0.0018622
0.00744879
0.0260708
0.0446927
0.0893855
0.139665
0.225326
0.32216
0.383613
0.39851
0.38175
0.299814
0.21229
0.189944
0.255121
0.353817
0.454376
0.50838
0.44879
0.379888
0.270019
0.147114
0.0819367
0.0260708
0.00744879
0.0018622
0.0018622
0.0018622
0.0018622
0.00931099
0.027933
0.0595903
0.106145
0.189944
0.283054
0.402235
0.487896
0.495345
0.459963
0.335196
0.221601
0.204842
0.286778
0.418994
0.547486
0.573557
0.506518
0.394786
0.236499
0.145251
0.0577281
0.0148976
0.00558659
0.0018622
0.0018622
0.0018622
0.0018622
0.0111732
0.0335196
0.0689013
0.126629
0.230912
0.35568
0.495345
0.562384
0.558659
0.484171
0.320298
0.206704
0.199255
0.318436
0.512104
0.621974
0.642458
0.528864
0.348231
0.206704
0.106145
0.027933
0.0148976
0.00372439
0.0018622
0.0018622
0.0018622
0.0018622
0.0111732
0.0316574
0.0782123
0.160149
0.27933
0.452514
0.594041
0.664804
0.594041
0.437616
0.256983
0.132216
0.193669
0.376164
0.594041
0.705773
0.679702
0.506518
0.296089
0.158287
0.0614525
0.0148976
0.00558659
0.0018622
0.0018622
0.0018622
0.0018622
0.00372439
0.0148976
0.0428305
0.0893855
0.189944
0.394786
0.562384
0.716946
0.709497
0.543762
0.378026
0.180633
0.115456
0.223464
0.476723
0.692737
0.782123
0.672253
0.469274
0.240223
0.117318
0.0409683
0.0130354
0.0018622
0.0018622
0.0018622
0.0018622
0.00372439
0.00372439
0.0130354
0.0465549
0.119181
0.255121
0.484171
0.66108
0.787709
0.702048
0.500931
0.301676
0.165736
0.175047
0.299814
0.603352
0.785847
0.823091
0.659218
0.428305
0.20298
0.0968343
0.0391061
0.0167598
0.00372439
0.0018622
0.0018622
0.0018622
0.00372439
0.00372439
0.0111732
0.0484171
0.143389
0.350093
0.577281
0.763501
0.851024
0.72067
0.538175
0.340782
0.307263
0.333333
0.500931
0.757914
0.873371
0.849162
0.66108
0.433892
0.230912
0.122905
0.0614525
0.0260708
0.00372439
0.0018622
0.0018622
0.0018622
0.00372439
0.00372439
0.0167598
0.0577281
0.20298
0.435754
0.64432
0.804469
0.869646
0.826816
0.703911
0.595903
0.566108
0.571695
0.724395
0.893855
0.927374
0.849162
0.655493
0.44879
0.260708
0.167598
0.0744879
0.0335196
0.00372439
0.0018622
0.0018622
0.0018622
0.0018622
0.00372439
0.0167598
0.0558659
0.221601
0.459963
0.670391
0.791434
0.851024
0.867784
0.851024
0.819367
0.802607
0.828678
0.873371
0.94041
0.938547
0.819367
0.635009
0.400372
0.249534
0.150838
0.0651769
0.0242086
0.00372439
0.00372439
0.0018622
0.0018622
0.0018622
0.0018622
0.0130354
0.0558659
0.210428
0.420857
0.58473
0.707635
0.774674
0.808194
0.819367
0.798883
0.81378
0.843575
0.893855
0.945996
0.903166
0.757914
0.541899
0.325885
0.199255
0.102421
0.0502793
0.0223464
0.00372439
0.00372439
0.0018622
0.0018622
0.0018622
0.0018622
0.00372439
0.0260708
0.148976
0.277467
0.404097
0.493482
0.540037
0.553073
0.581006
0.579143
0.64432
0.724395
0.81378
0.86406
0.783985
0.597765
0.387337
0.238361
0.137803
0.0595903
0.0260708
0.0167598
0.00558659
0.00372439
0.0018622
0.0018622
0.0018622
0.0018622
0.0018622
0.0130354
0.0726257
0.13594
0.206704
0.242086
0.266294
0.283054
0.3054
0.374302
0.49162
0.614525
0.731844
0.724395
0.629423
0.39851
0.270019
0.154562
0.0875233
0.0391061
0.0130354
0.00372439
0.0018622
0.00372439
0.0018622
0.0018622
0.0018622
0.0018622
0.0018622
0.00372439
0.027933
0.0633147
0.0707635
0.0763501
0.0893855
0.106145
0.158287
0.294227
0.420857
0.553073
0.62756
0.620112
0.510242
0.335196
0.225326
0.124767
0.0707635
0.0316574
0.00931099
0.00372439
0.0018622
0.0018622
0.0018622
0.0018622
0.0018622
0.0018622
0.0018622
0.00372439
0.0111732
0.0223464
0.027933
0.0391061
0.0502793
0.0837989
0.182495
0.288641
0.428305
0.519553
0.540037
0.540037
0.428305
0.299814
0.210428
0.122905
0.0707635
0.0353817
0.0111732
0.00372439
0.0018622
0.0018622
0.0018622
0.0018622
0.0018622
0.0018622
0.0018622
0.0018622
0.0018622
0.00558659
0.0111732
0.0242086
0.0428305
0.108007
0.204842
0.318436
0.417132
0.459963
0.463687
0.472998
0.364991
0.271881
0.216015
0.128492
0.0763501
0.0391061
0.0167598
0.00558659
0.00372439
0.0018622
0.0018622
0.0018622
0.0018622
0.0018622
0.0018622
0.0018622
0.00372439
0.00372439
0.0167598
0.0260708
0.0670391
0.148976
0.232775
0.335196
0.396648
0.413408
0.413408
0.404097
0.351955
0.266294
0.216015
0.124767
0.0744879
0.0409683
0.018622
0.00744879
0.00372439
0.0018622
0.0018622
0.0018622
0.0018622
0.0018622
0.0018622
0.0018622
0.00372439
0.00931099
0.0148976
0.0391061
0.0949721
0.158287
0.238361
0.310987
0.366853
0.357542
0.368715
0.344507
0.324022
0.253259
0.18622
0.124767
0.0707635
0.0335196
0.0167598
0.00744879
0.0018622
0.0018622
0.0018622
0.0018622
0.0018622
0.0018622
0.0018622
0.0018622
0.0018622
0.00744879
0.0111732
0.0316574
0.0837989
0.128492
0.178771
0.214153
0.230912
0.251397
0.240223
0.22905
0.21229
0.165736
0.117318
0.0726257
0.0353817
0.0204842
0.0130354
0.00558659
0.0018622
0.0018622
0.0018622
0.0018622
0.0018622
0.0018622
0.0018622
0.0018622
0.0018622
0.0018622
0.00558659
0.0111732
0.0316574
0.0353817
0.0335196
0.0391061
0.0595903
0.0837989
0.0856611
0.0707635
0.0465549
0.027933
0.0223464
0.018622
0.00931099
0.00558659
0.00558659
0.00372439
0.0018622
0.0018622
0.0018622
0.0018622
0.0018622
0.0018622
0.0018622
0.0018622
0.0018622
0.0018622
0.0018622
0.00372439
0.00372439
0.0018622
0.0018622
0.0018622
0.00372439
0.0018622
0.00372439
0.00558659
0.00558659
0.00558659
0.00372439
0.0018622
0.0018622
0.0018622
0.0018622
0.0018622
0.0018622
0.0018622
0.0018622
0.0018622
0.0018622
0.0018622
0.0018622
0.0018622
0.0018622
0.0018622
0.0018622
0.0018622
0.0018622
0.0018622
0.0018622
0.0018622
0.0018622
0.0018622
0.0018622
0.0018622
0.0018622
0.0018622
0.0018622
0.0018622
0.0018622
0.0018622
0.0018622
0.0018622
0.0018622
0.0018622
0.0018622
0.00229358
0.00229358
0.00229358
0.00229358
0.00229358
0.00229358
0.00229358
0.00229358
0.00229358
0.00229358
0.00229358
0.00229358
0.00229358
0.00229358
0.00229358
0.00229358
0.00229358
0.00229358
0.00229358
0.00229358
0.00229358
0.00229358
0.00229358
0.00229358
0.00229358
0.00229358
0.00229358
0.00229358
0.00229358
0.00229358
0.00229358
0.00229358
0.00229358
0.00229358
0.00229358
0.00229358
0.00229358
0.00229358
0.00229358
0.00229358
0.00229358
0.00229358
0.00229358
0.00229358
0.00229358
0.00229358
0.00229358
0.00229358
0.00229358
0.00229358
0.00229358
0.00229358
0.00229358
0.00229358
0.00229358
0.00229358
0.00229358
0.00229358
0.00229358
0.00229358
0.00229358
0.00229358
0.00229358
0.00229358
0.00229358
0.00229358
0.00229358
0.00229358
0.00229358
0.00229358
0.00229358
0.00229358
0.00229358
0.00229358
0.00229358
0.00229358
0.00229358
0.00229358
0.00229358
0.00229358
0.00229358
0.00229358
0.00229358
0.00229358
0.00229358
0.00229358
0.00229358
0.00229358
0.00229358
0.00229358
0.00229358
0.00229358
0.00229358
0.00229358
0.00229358
0.00688073
0.0114679
0.016055
0.0206422
0.0252294
0.0229358
0.016055
0.0114679
0.016055
0.016055
0.0183486
0.0183486
0.0137615
0.00917431
0.00229358
0.00229358
0.00229358
0.00229358
0.00229358
0.00229358
0.00229358
0.00229358
0.00229358
0.00229358
0.00458716
0.016055
0.0298165
0.0458716
0.0756881
0.0894495
0.126147
0.142202
0.172018
0.183486
0.194954
0.192661
0.181193
0.172018
0.158257
0.126147
0.105505
0.0550459
0.0114679
0.00229358
0.00229358
0.00229358
0.00229358
0.00229358
0.00229358
0.00229358
0.00229358
0.0114679
0.0389908
0.0665138
0.100917
0.149083
0.220183
0.286697
0.344037
0.394495
0.428899
0.449541
0.458716
0.444954
0.440367
0.396789
0.33945
0.277523
0.213303
0.144495
0.0481651
0.00917431
0.00229358
0.00229358
0.00229358
0.00229358
0.00229358
0.00229358
0.00688073
0.0298165
0.059633
0.119266
0.181193
0.272936
0.373853
0.426605
0.516055
0.568807
0.598624
0.610092
0.594037
0.591743
0.577982
0.545872
0.474771
0.380734
0.337156
0.259174
0.130734
0.0229358
0.00458716
0.00229358
0.00229358
0.00229358
0.00229358
0.00229358
0.016055
0.0389908
0.0848624
0.162844
0.256881
0.364679
0.472477
0.582569
0.651376
0.672018
0.697248
0.68578
0.662844
0.616973
0.600917
0.573394
0.520642
0.442661
0.408257
0.323395
0.197248
0.043578
0.00458716
0.00229358
0.00229358
0.00229358
0.00229358
0.00458716
0.0206422
0.043578
0.114679
0.220183
0.318807
0.431193
0.594037
0.662844
0.704128
0.699541
0.68578
0.635321
0.603211
0.577982
0.53211
0.5
0.454128
0.408257
0.344037
0.279817
0.176606
0.0458716
0.00688073
0.00229358
0.00229358
0.00229358
0.00229358
0.00917431
0.0206422
0.0527523
0.144495
0.259174
0.396789
0.536697
0.649083
0.683486
0.68578
0.612385
0.516055
0.458716
0.43578
0.405963
0.373853
0.31422
0.266055
0.236239
0.215596
0.174312
0.105505
0.0229358
0.00458716
0.00229358
0.00229358
0.00229358
0.00229358
0.00917431
0.0183486
0.0642202
0.169725
0.325688
0.490826
0.667431
0.724771
0.745413
0.678899
0.557339
0.451835
0.350917
0.300459
0.259174
0.194954
0.167431
0.123853
0.087156
0.0688073
0.0642202
0.0366972
0.00688073
0.00229358
0.00229358
0.00229358
0.00229358
0.00229358
0.0137615
0.0206422
0.0917431
0.211009
0.394495
0.587156
0.740826
0.800459
0.75
0.635321
0.529817
0.419725
0.348624
0.254587
0.178899
0.116972
0.0688073
0.0389908
0.0229358
0.0183486
0.0183486
0.0114679
0.00458716
0.00229358
0.00229358
0.00229358
0.00229358
0.00229358
0.0114679
0.0252294
0.116972
0.252294
0.463303
0.674312
0.78211
0.816514
0.761468
0.644495
0.541284
0.454128
0.385321
0.309633
0.240826
0.151376
0.0940367
0.0504587
0.0183486
0.0183486
0.00458716
0.00458716
0.00229358
0.00229358
0.00229358
0.00229358
0.00229358
0.00229358
0.0114679
0.0344037
0.114679
0.266055
0.483945
0.692661
0.791284
0.83945
0.761468
0.706422
0.614679
0.561927
0.488532
0.433486
0.341743
0.243119
0.16055
0.0779817
0.0321101
0.00917431
0.00688073
0.00229358
0.00229358
0.00229358
0.00229358
0.00229358
0.00229358
0.00229358
0.00917431
0.0344037
0.112385
0.261468
0.440367
0.623853
0.708716
0.740826
0.71789
0.674312
0.635321
0.587156
0.571101
0.516055
0.447248
0.332569
0.229358
0.130734
0.0481651
0.0206422
0.00917431
0.00229358
0.00229358
0.00229358
0.00229358
0.00229358
0.00229358
0.00688073
0.0137615
0.0412844
0.0963303
0.169725
0.318807
0.433486
0.513761
0.536697
0.541284
0.520642
0.520642
0.525229
0.53211
0.541284
0.479358
0.419725
0.286697
0.162844
0.0779817
0.0298165
0.00917431
0.00458716
0.00229358
0.00229358
0.00229358
0.00229358
0.00229358
0.00688073
0.0298165
0.0527523
0.0894495
0.135321
0.188073
0.263761
0.309633
0.327982
0.327982
0.362385
0.401376
0.449541
0.5
0.552752
0.520642
0.440367
0.323395
0.206422
0.0963303
0.0412844
0.0114679
0.00458716
0.00229358
0.00229358
0.00229358
0.00229358
0.00229358
0.00688073
0.0321101
0.0917431
0.169725
0.172018
0.16055
0.144495
0.165138
0.165138
0.190367
0.252294
0.323395
0.424312
0.504587
0.541284
0.541284
0.458716
0.353211
0.224771
0.12156
0.0573394
0.00917431
0.00458716
0.00229358
0.00229358
0.00229358
0.00229358
0.00458716
0.00458716
0.043578
0.158257
0.28211
0.307339
0.227064
0.174312
0.135321
0.12844
0.15367
0.243119
0.341743
0.43578
0.545872
0.566514
0.566514
0.454128
0.34633
0.222477
0.123853
0.0619266
0.00917431
0.00458716
0.00229358
0.00229358
0.00229358
0.00229358
0.00688073
0.00917431
0.0504587
0.194954
0.389908
0.46789
0.417431
0.353211
0.288991
0.272936
0.302752
0.369266
0.454128
0.522936
0.575688
0.600917
0.577982
0.451835
0.311927
0.208716
0.112385
0.0527523
0.0114679
0.00458716
0.00229358
0.00229358
0.00229358
0.00229358
0.00688073
0.00917431
0.0412844
0.197248
0.438073
0.557339
0.580275
0.543578
0.520642
0.486239
0.504587
0.552752
0.575688
0.623853
0.623853
0.605505
0.536697
0.399083
0.275229
0.167431
0.0688073
0.0458716
0.016055
0.00229358
0.00229358
0.00229358
0.00229358
0.00229358
0.00229358
0.00458716
0.0344037
0.165138
0.373853
0.559633
0.635321
0.694954
0.701835
0.701835
0.692661
0.690367
0.683486
0.683486
0.646789
0.59633
0.451835
0.330275
0.222477
0.116972
0.0550459
0.0321101
0.0114679
0.00229358
0.00229358
0.00229358
0.00229358
0.00229358
0.00229358
0.00229358
0.016055
0.0848624
0.256881
0.41055
0.545872
0.672018
0.745413
0.747706
0.733945
0.733945
0.713303
0.65367
0.594037
0.46789
0.357798
0.21789
0.126147
0.0665138
0.0366972
0.0206422
0.00688073
0.00229358
0.00229358
0.00229358
0.00229358
0.00229358
0.00229358
0.00229358
0.00917431
0.0275229
0.133028
0.238532
0.350917
0.486239
0.580275
0.630734
0.637615
0.614679
0.584862
0.520642
0.405963
0.307339
0.188073
0.119266
0.0619266
0.0366972
0.0206422
0.00917431
0.00458716
0.00229358
0.00229358
0.00229358
0.00229358
0.00229358
0.00229358
0.00229358
0.00688073
0.00917431
0.0389908
0.0756881
0.135321
0.199541
0.254587
0.295872
0.318807
0.31422
0.288991
0.227064
0.162844
0.116972
0.0688073
0.0366972
0.0321101
0.0183486
0.0114679
0.00458716
0.00229358
0.00229358
0.00229358
0.00229358
0.00229358
0.00229358
0.00229358
0.00229358
0.00229358
0.00458716
0.00917431
0.0229358
0.0321101
0.0550459
0.0619266
0.0642202
0.0619266
0.0550459
0.0504587
0.0298165
0.0252294
0.0183486
0.0114679
0.00458716
0.00229358
0.00229358
0.00229358
0.00229358
0.00229358
0.00229358
0.00229358
0.00229358
0.00229358
0.00229358
0.00229358
0.00229358
0.00229358
0.00229358
0.00458716
0.00458716
0.00688073
0.00688073
0.00917431
0.00917431
0.0114679
0.00917431
0.00458716
0.00458716
0.00458716
0.00458716
0.00458716
0.00229358
0.00229358
0.00229358
0.00229358
0.00229358
0.00229358
0.00229358
0.00229358
0.00229358
0.00229358
0.00229358
0.00229358
0.00229358
0.00229358
0.00229358
0.00229358
0.00229358
0.00229358
0.00229358
0.00229358
0.00229358
0.00229358
0.00229358
0.00229358
0.00229358
0.00229358
0.00229358
0.00229358
0.00229358
0.00229358
0.00229358
0.00229358
0.00229358
0.00229358
0.00229358
0.00229358
0.00229358
0.00198807
0.00198807
0.00198807
0.00198807
0.00198807
0.00198807
0.00198807
0.00198807
0.00198807
0.00198807
0.00198807
0.00198807
0.00198807
0.00198807
0.00198807
0.00198807
0.00198807
0.00198807
0.00198807
0.00198807
0.00198807
0.00198807
0.00198807
0.00198807
0.00198807
0.00198807
0.00198807
0.00198807
0.00198807
0.00198807
0.00198807
0.00198807
0.00198807
0.00198807
0.00198807
0.00397614
0.00596421
0.00596421
0.00994036
0.00795229
0.00994036
0.00994036
0.0119284
0.0159046
0.0119284
0.00994036
0.00795229
0.00795229
0.00795229
0.00596421
0.00397614
0.00198807
0.00198807
0.00198807
0.00198807
0.00198807
0.00198807
0.00198807
0.00198807
0.00198807
0.00397614
0.00198807
0.00397614
0.00795229
0.00994036
0.0159046
0.0337972
0.0437376
0.0576541
0.105368
0.151093
0.208748
0.26839
0.270378
0.220676
0.151093
0.0854871
0.0397614
0.0159046
0.00397614
0.00198807
0.00198807
0.00198807
0.00198807
0.00198807
0.00198807
0.00198807
0.00198807
0.00198807
0.00397614
0.00795229
0.00795229
0.0139165
0.0337972
0.055666
0.0914513
0.137177
0.220676
0.351889
0.477137
0.550696
0.560636
0.455268
0.326044
0.180915
0.0755467
0.0337972
0.0119284
0.00397614
0.00198807
0.00198807
0.00198807
0.00198807
0.00198807
0.00198807
0.00198807
0.00198807
0.00795229
0.00795229
0.0119284
0.0238569
0.0536779
0.0974155
0.15507
0.2167
0.345924
0.506958
0.606362
0.673956
0.634195
0.487078
0.32008
0.186879
0.0854871
0.0318091
0.0198807
0.00596421
0.00198807
0.00198807
0.00198807
0.00198807
0.00198807
0.00198807
0.00198807
0.00198807
0.00795229
0.00994036
0.0159046
0.0318091
0.0874752
0.131213
0.2167
0.33996
0.481113
0.612326
0.687873
0.667992
0.550696
0.387674
0.252485
0.139165
0.0497018
0.027833
0.0178926
0.00596421
0.00397614
0.00397614
0.00198807
0.00198807
0.00198807
0.00397614
0.00198807
0.00198807
0.00397614
0.0139165
0.0258449
0.0596421
0.109344
0.188867
0.308151
0.455268
0.604374
0.701789
0.685885
0.578529
0.395626
0.258449
0.137177
0.0576541
0.0318091
0.0159046
0.00994036
0.00596421
0.00397614
0.00397614
0.00397614
0.00198807
0.00198807
0.00198807
0.00198807
0.00198807
0.00596421
0.0139165
0.0337972
0.0755467
0.163022
0.262425
0.403579
0.568588
0.687873
0.701789
0.588469
0.429423
0.266402
0.141153
0.0636183
0.027833
0.0159046
0.0139165
0.00795229
0.00596421
0.00397614
0.00397614
0.00397614
0.00198807
0.00198807
0.00198807
0.00198807
0.00198807
0.00994036
0.0178926
0.0477137
0.115308
0.224652
0.349901
0.534791
0.662028
0.717694
0.638171
0.473161
0.294235
0.163022
0.0596421
0.0357853
0.0198807
0.0159046
0.0159046
0.0119284
0.00397614
0.00198807
0.00397614
0.00198807
0.00198807
0.00198807
0.00198807
0.00198807
0.00198807
0.0119284
0.0337972
0.0775348
0.168986
0.292247
0.455268
0.644135
0.705765
0.693837
0.520875
0.345924
0.182903
0.0656064
0.0377734
0.0318091
0.0357853
0.0298211
0.0198807
0.0139165
0.00397614
0.00198807
0.00198807
0.00198807
0.00198807
0.00198807
0.00198807
0.00198807
0.00198807
0.00994036
0.055666
0.101392
0.224652
0.39165
0.574553
0.719682
0.72167
0.614314
0.417495
0.22664
0.115308
0.0735587
0.083499
0.101392
0.0994036
0.0715706
0.0516899
0.0298211
0.0119284
0.00397614
0.00198807
0.00198807
0.00198807
0.00198807
0.00198807
0.00198807
0.00198807
0.0238569
0.0616302
0.135189
0.276342
0.467197
0.66998
0.739563
0.687873
0.530815
0.318091
0.182903
0.16501
0.230616
0.270378
0.274354
0.232604
0.176938
0.0994036
0.0656064
0.0397614
0.00596421
0.00198807
0.00198807
0.00198807
0.00198807
0.00198807
0.00198807
0.00397614
0.027833
0.0854871
0.178926
0.349901
0.578529
0.741551
0.761431
0.638171
0.451292
0.33002
0.322068
0.417495
0.479125
0.497018
0.471173
0.403579
0.296223
0.192843
0.105368
0.0596421
0.0198807
0.00198807
0.00198807
0.00198807
0.00198807
0.00198807
0.00198807
0.00596421
0.0318091
0.111332
0.214712
0.455268
0.658052
0.771372
0.753479
0.590457
0.465209
0.455268
0.55666
0.652087
0.67992
0.654076
0.602386
0.538767
0.427435
0.252485
0.15507
0.083499
0.0298211
0.00198807
0.00198807
0.00198807
0.00198807
0.00198807
0.00198807
0.00596421
0.0417495
0.137177
0.284294
0.528827
0.725646
0.791252
0.715706
0.5666
0.55666
0.66004
0.775348
0.821074
0.775348
0.699801
0.640159
0.592445
0.487078
0.314115
0.172962
0.0795229
0.027833
0.00198807
0.00198807
0.00198807
0.00198807
0.00198807
0.00198807
0.00397614
0.0397614
0.157058
0.337972
0.594433
0.761431
0.791252
0.693837
0.60835
0.656064
0.733598
0.795229
0.755467
0.707753
0.675944
0.654076
0.61829
0.532803
0.333996
0.196819
0.0854871
0.0238569
0.00198807
0.00198807
0.00198807
0.00198807
0.00198807
0.00198807
0.00397614
0.0497018
0.159046
0.349901
0.632207
0.793241
0.821074
0.72167
0.656064
0.715706
0.747515
0.709742
0.634195
0.60835
0.634195
0.697813
0.666004
0.518887
0.324056
0.168986
0.0815109
0.0258449
0.00198807
0.00198807
0.00198807
0.00198807
0.00198807
0.00198807
0.00397614
0.0417495
0.157058
0.369781
0.632207
0.803181
0.852883
0.767396
0.725646
0.713718
0.671968
0.574553
0.5666
0.602386
0.709742
0.759443
0.664016
0.50497
0.276342
0.127237
0.0675944
0.0198807
0.00397614
0.00198807
0.00198807
0.00198807
0.00198807
0.00198807
0.00397614
0.0238569
0.125249
0.33996
0.588469
0.811133
0.884692
0.854871
0.82505
0.733598
0.662028
0.640159
0.685885
0.76342
0.801193
0.757455
0.612326
0.367793
0.206759
0.0974155
0.0497018
0.0119284
0.00397614
0.00198807
0.00198807
0.00198807
0.00198807
0.00198807
0.00397614
0.0139165
0.0854871
0.260437
0.499006
0.733598
0.880716
0.926441
0.882704
0.833002
0.823062
0.803181
0.852883
0.860835
0.815109
0.66998
0.435388
0.26839
0.109344
0.0636183
0.0218688
0.00397614
0.00198807
0.00198807
0.00198807
0.00198807
0.00198807
0.00198807
0.00397614
0.0119284
0.0516899
0.16501
0.347913
0.578529
0.791252
0.906561
0.942346
0.93837
0.930417
0.908549
0.874752
0.809145
0.652087
0.447316
0.270378
0.125249
0.0596421
0.0258449
0.00795229
0.00397614
0.00198807
0.00198807
0.00198807
0.00198807
0.00198807
0.00198807
0.00198807
0.00596421
0.0198807
0.0795229
0.172962
0.347913
0.562624
0.747515
0.856859
0.872763
0.868787
0.805169
0.719682
0.552684
0.373757
0.212724
0.115308
0.0457256
0.0218688
0.00596421
0.00198807
0.00198807
0.00198807
0.00198807
0.00198807
0.00198807
0.00198807
0.00198807
0.00198807
0.00198807
0.00596421
0.0298211
0.0457256
0.101392
0.194831
0.280318
0.351889
0.389662
0.373757
0.333996
0.270378
0.184891
0.11332
0.0616302
0.0218688
0.00994036
0.00397614
0.00198807
0.00198807
0.00198807
0.00198807
0.00198807
0.00198807
0.00198807
0.00198807
0.00198807
0.00198807
0.00198807
0.00198807
0.00596421
0.00994036
0.0119284
0.0178926
0.0238569
0.0357853
0.0417495
0.0417495
0.0377734
0.0298211
0.0178926
0.0119284
0.00994036
0.00596421
0.00198807
0.00198807
0.00198807
0.00198807
0.00198807
0.00198807
0.00198807
0.00198807
0.00198807
0.00198807
0.00198807
0.00198807
0.00198807
0.00198807
0.00198807
0.00198807
0.00198807
0.00198807
0.00198807
0.00198807
0.00198807
0.00198807
0.00198807
0.00198807
0.00198807
0.00198807
0.00198807
0.00198807
0.00198807
0.00198807
0.00198807
0.00198807
0.00198807
0.00198807
0.00198807
0.00198807
0.00198807
0.00198807
0.00198807
0.00198807
0.00198807
0.00198807
0.00198807
0.00198807
0.00198807
0.00198807
0.00198807
0.00198807
0.00198807
0.00198807
0.00198807
0.00198807
0.00198807
0.00198807
0.00198807
0.00198807
0.00198807
0.00198807
0.00198807
0.00198807
0.00198807
0.00198807
0.00198807
0.00198807
0.00198807
0.00198807
0.00198807
0.00198807
0.00198807
0.00198807
0.00198807
0.00198807
0.00198807
0.00198807
0.00198807
0.00198807
0.00198807
0.00198807
0.00198807
0.00198807
0.00198807
0.00198807
0.00198807
0.00198807
0.00198807
0.00198807
0.00198807
0.00198807
0.00198807
0.00198807
0.00198807
0.00198807
0.00198807
0.00198807
0.00198807
0.00198807
0.00198807
0.00198807
0.00198807
0.00198807
0.00198807
0.00198807
0.00198807
0.00198807
0.00198807
0.00198807
0.00198807
0.00198807
0.00198807
0.00198807
0.00198807
0.00198807
0.00198807
0.00198807
0.00198807
0.00198807
0.00198807
0.00198807
0.00198807
0.00181159
0.00181159
0.00181159
0.00181159
0.00181159
0.00181159
0.00181159
0.00181159
0.00181159
0.00181159
0.00181159
0.00181159
0.00181159
0.00181159
0.00181159
0.00181159
0.00181159
0.00181159
0.00181159
0.00181159
0.00181159
0.00181159
0.00181159
0.00181159
0.00181159
0.00181159
0.00181159
0.00181159
0.00181159
0.00181159
0.00181159
0.00181159
0.00181159
0.00181159
0.00181159
0.00181159
0.00181159
0.00181159
0.00181159
0.00181159
0.00181159
0.00181159
0.00181159
0.00181159
0.00181159
0.00181159
0.00181159
0.00181159
0.00181159
0.00181159
0.00181159
0.00181159
0.00181159
0.00181159
0.00181159
0.00181159
0.00181159
0.00181159
0.00181159
0.00181159
0.00181159
0.00181159
0.00181159
0.00181159
0.00181159
0.00181159
0.00181159
0.00181159
0.00181159
0.00181159
0.00181159
0.00181159
0.00181159
0.00181159
0.00181159
0.00181159
0.00181159
0.00181159
0.00181159
0.00181159
0.00181159
0.00181159
0.00181159
0.00181159
0.00181159
0.00181159
0.00181159
0.00181159
0.00181159
0.00181159
0.00181159
0.00181159
0.00181159
0.00181159
0.00181159
0.00181159
0.00181159
0.00181159
0.00181159
0.00181159
0.00181159
0.00181159
0.00181159
0.00181159
0.00181159
0.00181159
0.00181159
0.00181159
0.00181159
0.00181159
0.00181159
0.00181159
0.00181159
0.00181159
0.00181159
0.00181159
0.00181159
0.00181159
0.00181159
0.00181159
0.00181159
0.00181159
0.00181159
0.00362319
0.00362319
0.00362319
0.00362319
0.00362319
0.00181159
0.00181159
0.00181159
0.00181159
0.00181159
0.00181159
0.00181159
0.00181159
0.00181159
0.00181159
0.00181159
0.00181159
0.00181159
0.00181159
0.00181159
0.00181159
0.00181159
0.00362319
0.00362319
0.00905797
0.0108696
0.0126812
0.0163043
0.0163043
0.0181159
0.0163043
0.0181159
0.0163043
0.0144928
0.00724638
0.00362319
0.00181159
0.00181159
0.00362319
0.00362319
0.00181159
0.00181159
0.00181159
0.00181159
0.00181159
0.00181159
0.00181159
0.00181159
0.00181159
0.00905797
0.0217391
0.0398551
0.0597826
0.0742754
0.0869565
0.121377
0.125
0.146739
0.164855
0.17029
0.166667
0.15942
0.137681
0.117754
0.0742754
0.0452899
0.0289855
0.0235507
0.0108696
0.00181159
0.00181159
0.00181159
0.00181159
0.00362319
0.00362319
0.00543478
0.0181159
0.0507246
0.0905797
0.168478
0.222826
0.304348
0.40942
0.460145
0.521739
0.563406
0.594203
0.615942
0.61413
0.626812
0.599638
0.550725
0.45471
0.313406
0.192029
0.0905797
0.0307971
0.00724638
0.00181159
0.00181159
0.00181159
0.00362319
0.00543478
0.0181159
0.0507246
0.117754
0.208333
0.318841
0.451087
0.574275
0.661232
0.75
0.797101
0.82971
0.836957
0.847826
0.867754
0.855072
0.82971
0.804348
0.690217
0.503623
0.351449
0.168478
0.0652174
0.0108696
0.00181159
0.00181159
0.00181159
0.00362319
0.0108696
0.0289855
0.0688406
0.155797
0.280797
0.393116
0.557971
0.688406
0.786232
0.84058
0.865942
0.869565
0.865942
0.855072
0.876812
0.914855
0.913043
0.873188
0.766304
0.603261
0.403986
0.201087
0.0778985
0.0126812
0.00181159
0.00181159
0.00181159
0.00181159
0.00905797
0.0289855
0.076087
0.173913
0.278986
0.393116
0.539855
0.650362
0.71558
0.744565
0.711957
0.657609
0.625
0.601449
0.644928
0.73913
0.851449
0.869565
0.777174
0.603261
0.389493
0.175725
0.0615942
0.0126812
0.00181159
0.00181159
0.00181159
0.00181159
0.00724638
0.0217391
0.0688406
0.141304
0.197464
0.306159
0.438406
0.512681
0.541667
0.492754
0.427536
0.365942
0.324275
0.298913
0.42029
0.617754
0.777174
0.851449
0.755435
0.570652
0.338768
0.150362
0.0525362
0.00905797
0.00181159
0.00181159
0.00181159
0.00181159
0.00362319
0.0181159
0.0525362
0.101449
0.148551
0.244565
0.313406
0.36413
0.365942
0.320652
0.240942
0.177536
0.153986
0.186594
0.335145
0.57971
0.791667
0.835145
0.686594
0.505435
0.273551
0.112319
0.0380435
0.00543478
0.00181159
0.00181159
0.00181159
0.00181159
0.00362319
0.00724638
0.0326087
0.0652174
0.0960145
0.157609
0.213768
0.235507
0.240942
0.192029
0.132246
0.0942029
0.0851449
0.166667
0.389493
0.663043
0.820652
0.811594
0.646739
0.398551
0.206522
0.0833333
0.0217391
0.00543478
0.00362319
0.00181159
0.00181159
0.00181159
0.00181159
0.00362319
0.0144928
0.0471014
0.0724638
0.11413
0.155797
0.17029
0.144928
0.106884
0.0833333
0.0778985
0.101449
0.228261
0.518116
0.759058
0.827899
0.788043
0.550725
0.304348
0.15942
0.0724638
0.0307971
0.0108696
0.00724638
0.00181159
0.00181159
0.00181159
0.00181159
0.00181159
0.00724638
0.0362319
0.057971
0.0778985
0.115942
0.110507
0.105072
0.0996377
0.0960145
0.108696
0.172101
0.405797
0.661232
0.831522
0.856884
0.713768
0.443841
0.269928
0.128623
0.0724638
0.0344203
0.0126812
0.00724638
0.00181159
0.00181159
0.00181159
0.00181159
0.00181159
0.00543478
0.0235507
0.0471014
0.0652174
0.0815217
0.0996377
0.0996377
0.101449
0.119565
0.146739
0.289855
0.568841
0.755435
0.855072
0.811594
0.59058
0.371377
0.202899
0.0996377
0.048913
0.0271739
0.00905797
0.00362319
0.00181159
0.00181159
0.00181159
0.00181159
0.00181159
0.00543478
0.0181159
0.0307971
0.0380435
0.0615942
0.0742754
0.076087
0.0942029
0.137681
0.221014
0.449275
0.675725
0.831522
0.842391
0.668478
0.434783
0.259058
0.128623
0.0561594
0.0344203
0.0181159
0.0108696
0.00543478
0.00181159
0.00181159
0.00181159
0.00181159
0.00543478
0.00543478
0.00905797
0.00905797
0.0181159
0.0289855
0.0471014
0.0525362
0.0833333
0.152174
0.322464
0.543478
0.742754
0.817029
0.73913
0.505435
0.327899
0.163043
0.0815217
0.0362319
0.0163043
0.00905797
0.00543478
0.00181159
0.00181159
0.00181159
0.00181159
0.00181159
0.00543478
0.00362319
0.00362319
0.00362319
0.00543478
0.0126812
0.0181159
0.0362319
0.0942029
0.219203
0.436594
0.623188
0.762681
0.771739
0.603261
0.376812
0.233696
0.0887681
0.0543478
0.0253623
0.00905797
0.00362319
0.00362319
0.00181159
0.00181159
0.00181159
0.00181159
0.00181159
0.00181159
0.00181159
0.00181159
0.00181159
0.00543478
0.0126812
0.0199275
0.0688406
0.166667
0.349638
0.523551
0.679348
0.73913
0.646739
0.483696
0.298913
0.15942
0.0652174
0.0398551
0.0181159
0.00724638
0.00181159
0.00181159
0.00181159
0.00181159
0.00181159
0.00181159
0.00181159
0.00181159
0.00181159
0.00181159
0.00543478
0.00905797
0.0199275
0.0561594
0.139493
0.26087
0.443841
0.567029
0.677536
0.639493
0.527174
0.400362
0.244565
0.115942
0.048913
0.0326087
0.0144928
0.00362319
0.00181159
0.00181159
0.00181159
0.00181159
0.00181159
0.00181159
0.00181159
0.00181159
0.00181159
0.00362319
0.00724638
0.0144928
0.0398551
0.106884
0.211957
0.375
0.474638
0.57971
0.61413
0.556159
0.460145
0.331522
0.197464
0.0960145
0.0416667
0.0307971
0.0163043
0.00724638
0.00181159
0.00181159
0.00181159
0.00181159
0.00181159
0.00181159
0.00181159
0.00181159
0.00181159
0.00543478
0.0163043
0.0289855
0.0905797
0.17029
0.289855
0.403986
0.494565
0.550725
0.518116
0.471014
0.400362
0.29529
0.15942
0.0833333
0.0380435
0.0289855
0.0126812
0.00543478
0.00181159
0.00181159
0.00181159
0.00181159
0.00181159
0.00181159
0.00181159
0.00181159
0.00181159
0.00724638
0.0217391
0.0525362
0.126812
0.228261
0.342391
0.422101
0.456522
0.490942
0.434783
0.413043
0.338768
0.264493
0.15942
0.0833333
0.0362319
0.0271739
0.0144928
0.00724638
0.00181159
0.00181159
0.00181159
0.00181159
0.00181159
0.00181159
0.00181159
0.00181159
0.00181159
0.00362319
0.0253623
0.0706522
0.150362
0.23913
0.326087
0.373188
0.403986
0.38587
0.360507
0.356884
0.28442
0.226449
0.148551
0.076087
0.0344203
0.0235507
0.0144928
0.00905797
0.00362319
0.00181159
0.00181159
0.00181159
0.00181159
0.00181159
0.00181159
0.00181159
0.00181159
0.00362319
0.0126812
0.0507246
0.101449
0.161232
0.197464
0.235507
0.257246
0.231884
0.211957
0.206522
0.193841
0.132246
0.0978261
0.0561594
0.0307971
0.0199275
0.0126812
0.00724638
0.00362319
0.00181159
0.00181159
0.00181159
0.00181159
0.00181159
0.00181159
0.00181159
0.00181159
0.00181159
0.00362319
0.00724638
0.0108696
0.0144928
0.0163043
0.0253623
0.0362319
0.0471014
0.048913
0.0452899
0.0362319
0.0289855
0.0253623
0.0144928
0.00724638
0.00362319
0.00543478
0.00543478
0.00181159
0.00181159
0.00181159
0.00181159
0.00181159
0.00215517
0.00215517
0.00215517
0.00215517
0.00215517
0.00215517
0.00215517
0.00215517
0.00215517
0.00215517
0.00215517
0.00215517
0.00215517
0.00215517
0.00215517
0.00215517
0.00215517
0.00215517
0.00215517
0.00215517
0.00215517
0.00215517
0.00215517
0.00215517
0.00215517
0.00215517
0.00215517
0.00215517
0.00215517
0.00215517
0.00215517
0.00215517
0.00215517
0.00215517
0.00215517
0.00215517
0.00215517
0.00215517
0.00215517
0.00215517
0.00215517
0.00215517
0.00215517
0.00215517
0.00215517
0.00215517
0.00215517
0.00215517
0.00215517
0.00215517
0.00215517
0.00215517
0.00215517
0.00215517
0.00215517
0.00215517
0.00215517
0.00215517
0.00215517
0.00215517
0.00215517
0.00215517
0.00215517
0.00215517
0.00215517
0.00215517
0.00215517
0.00215517
0.00215517
0.00215517
0.00215517
0.00215517
0.00215517
0.00215517
0.00215517
0.00215517
0.00215517
0.00215517
0.00215517
0.00215517
0.00215517
0.00215517
0.00215517
0.00215517
0.00215517
0.00215517
0.00215517
0.00215517
0.00215517
0.00215517
0.00215517
0.00215517
0.00215517
0.00215517
0.00431034
0.00431034
0.00646552
0.00862069
0.00862069
0.0107759
0.012931
0.0107759
0.0107759
0.00646552
0.00431034
0.00215517
0.00215517
0.00215517
0.00215517
0.00215517
0.00215517
0.00215517
0.00215517
0.00215517
0.00215517
0.00215517
0.00215517
0.00431034
0.00215517
0.00431034
0.00646552
0.0107759
0.0193966
0.0452586
0.0840517
0.122845
0.172414
0.215517
0.230603
0.226293
0.189655
0.137931
0.0926724
0.0452586
0.0193966
0.0107759
0.00431034
0.00215517
0.00215517
0.00215517
0.00215517
0.00215517
0.00215517
0.00215517
0.00215517
0.00215517
0.00431034
0.00862069
0.0215517
0.0775862
0.159483
0.299569
0.411638
0.553879
0.678879
0.767241
0.797414
0.741379
0.640086
0.49569
0.346983
0.228448
0.12069
0.0581897
0.0280172
0.00862069
0.00646552
0.00215517
0.00215517
0.00215517
0.00215517
0.00215517
0.00431034
0.00215517
0.012931
0.0366379
0.109914
0.230603
0.375
0.540948
0.681035
0.818965
0.883621
0.887931
0.887931
0.849138
0.784483
0.659483
0.517241
0.372845
0.230603
0.122845
0.0603448
0.0172414
0.0107759
0.00646552
0.00215517
0.00215517
0.00215517
0.00215517
0.00431034
0.0107759
0.0301724
0.105603
0.217672
0.381466
0.530172
0.678879
0.756465
0.825431
0.825431
0.806035
0.773707
0.762931
0.74569
0.678879
0.573276
0.448276
0.314655
0.185345
0.0883621
0.0258621
0.012931
0.00646552
0.00215517
0.00215517
0.00215517
0.00215517
0.00646552
0.0258621
0.0711207
0.153017
0.293103
0.480603
0.635776
0.717672
0.747845
0.689655
0.609914
0.543103
0.532328
0.56681
0.633621
0.633621
0.586207
0.502155
0.396552
0.226293
0.114224
0.0344828
0.012931
0.00431034
0.00215517
0.00215517
0.00215517
0.00215517
0.0150862
0.0387931
0.0991379
0.174569
0.325431
0.506465
0.653017
0.68319
0.644397
0.530172
0.422414
0.334052
0.394397
0.506465
0.627155
0.670259
0.644397
0.525862
0.383621
0.241379
0.118534
0.0366379
0.00431034
0.00215517
0.00215517
0.00215517
0.00215517
0.00215517
0.0150862
0.049569
0.0926724
0.200431
0.299569
0.493534
0.635776
0.676724
0.622845
0.474138
0.368534
0.334052
0.44181
0.568965
0.702586
0.711207
0.663793
0.489224
0.303879
0.18319
0.0797414
0.0150862
0.00431034
0.00215517
0.00215517
0.00215517
0.00215517
0.00215517
0.0150862
0.049569
0.0948276
0.189655
0.288793
0.43319
0.601293
0.678879
0.665948
0.573276
0.43319
0.469828
0.599138
0.739224
0.762931
0.693965
0.547414
0.364224
0.202586
0.0948276
0.0323276
0.012931
0.00431034
0.00431034
0.00215517
0.00215517
0.00215517
0.00215517
0.012931
0.0387931
0.0862069
0.146552
0.247845
0.396552
0.540948
0.689655
0.737069
0.685345
0.622845
0.704741
0.795259
0.821121
0.702586
0.551724
0.37931
0.206897
0.103448
0.0387931
0.0258621
0.00862069
0.00431034
0.00431034
0.00215517
0.00215517
0.00215517
0.00215517
0.0107759
0.0280172
0.0603448
0.12069
0.202586
0.321121
0.465517
0.6875
0.834052
0.853448
0.836207
0.864224
0.900862
0.790948
0.55819
0.355603
0.198276
0.105603
0.0603448
0.0301724
0.0172414
0.00862069
0.00215517
0.00215517
0.00215517
0.00215517
0.00215517
0.00215517
0.00215517
0.0193966
0.0409483
0.0862069
0.157328
0.25431
0.43319
0.68319
0.881465
0.922414
0.9375
0.948276
0.892241
0.676724
0.422414
0.215517
0.114224
0.0625
0.0344828
0.0215517
0.012931
0.00431034
0.00215517
0.00215517
0.00215517
0.00215517
0.00215517
0.00215517
0.00215517
0.0107759
0.0301724
0.0581897
0.116379
0.25431
0.471983
0.743535
0.896552
0.948276
0.93319
0.915948
0.784483
0.551724
0.344828
0.176724
0.107759
0.0538793
0.0258621
0.0237069
0.012931
0.00215517
0.00215517
0.00215517
0.00215517
0.00215517
0.00215517
0.00215517
0.00431034
0.0150862
0.0323276
0.0668103
0.153017
0.364224
0.603448
0.810345
0.87931
0.887931
0.836207
0.803879
0.711207
0.528017
0.357759
0.209052
0.118534
0.0732759
0.0323276
0.0215517
0.012931
0.00215517
0.00215517
0.00215517
0.00215517
0.00215517
0.00215517
0.00215517
0.00646552
0.0172414
0.0474138
0.142241
0.280172
0.515086
0.74569
0.829741
0.782328
0.709052
0.685345
0.661638
0.640086
0.532328
0.372845
0.247845
0.142241
0.0883621
0.0560345
0.0301724
0.012931
0.00215517
0.00215517
0.00215517
0.00215517
0.00215517
0.00215517
0.00215517
0.00646552
0.0323276
0.0948276
0.239224
0.415948
0.646552
0.756465
0.758621
0.650862
0.551724
0.523707
0.590517
0.584052
0.525862
0.394397
0.265086
0.1875
0.109914
0.0668103
0.0344828
0.012931
0.00215517
0.00215517
0.00215517
0.00215517
0.00215517
0.00215517
0.00215517
0.00646552
0.0581897
0.142241
0.321121
0.497845
0.681035
0.739224
0.62931
0.491379
0.454741
0.471983
0.538793
0.55819
0.512931
0.43319
0.306034
0.189655
0.118534
0.0625
0.0323276
0.0107759
0.00215517
0.00215517
0.00215517
0.00215517
0.00215517
0.00215517
0.00215517
0.00862069
0.0732759
0.206897
0.372845
0.55819
0.719828
0.665948
0.584052
0.484914
0.484914
0.534483
0.545259
0.571121
0.553879
0.456897
0.323276
0.193966
0.118534
0.0538793
0.0280172
0.00862069
0.00215517
0.00215517
0.00215517
0.00215517
0.00215517
0.00215517
0.00215517
0.0107759
0.0862069
0.206897
0.381466
0.56681
0.676724
0.709052
0.689655
0.665948
0.676724
0.68319
0.644397
0.612069
0.540948
0.420259
0.303879
0.174569
0.0948276
0.049569
0.0237069
0.00646552
0.00215517
0.00215517
0.00215517
0.00215517
0.00215517
0.00215517
0.00215517
0.00646552
0.075431
0.18319
0.349138
0.512931
0.661638
0.801724
0.849138
0.877155
0.853448
0.793103
0.704741
0.590517
0.49569
0.381466
0.24569
0.133621
0.0603448
0.0431034
0.0150862
0.00646552
0.00215517
0.00215517
0.00215517
0.00215517
0.00215517
0.00215517
0.00215517
0.00215517
0.049569
0.135776
0.256466
0.403017
0.551724
0.704741
0.825431
0.872845
0.853448
0.747845
0.616379
0.493534
0.392241
0.258621
0.153017
0.0646552
0.0344828
0.0237069
0.00646552
0.00431034
0.00215517
0.00215517
0.00215517
0.00215517
0.00215517
0.00215517
0.00215517
0.00215517
0.0172414
0.0646552
0.12069
0.204741
0.293103
0.396552
0.476293
0.519397
0.506465
0.439655
0.357759
0.275862
0.206897
0.125
0.0689655
0.0366379
0.0237069
0.00646552
0.00215517
0.00215517
0.00215517
0.00215517
0.00215517
0.00215517
0.00215517
0.00215517
0.00215517
0.00215517
0.00215517
0.00215517
0.00862069
0.0107759
0.0150862
0.0215517
0.0323276
0.0431034
0.049569
0.049569
0.0387931
0.0280172
0.0172414
0.0150862
0.012931
0.00646552
0.00215517
0.00215517
0.00215517
0.00215517
0.00215517
0.00215517
0.00215517
0.00215517
0.00215517
0.00215517
0.00215517
0.00215517
0.00215517
0.00215517
0.00215517
0.00215517
0.00215517
0.00215517
0.00215517
0.00215517
0.00215517
0.00215517
0.00215517
0.00215517
0.00215517
0.00215517
0.00215517
0.00215517
0.00431034
0.00431034
0.00431034
0.00215517
0.00215517
0.00215517
0.00215517
0.00215517
0.00215517
0.00215517
0.00215517
0.00215517
0.00215517
0.00215517
0.00215517
0.00215517
0.00215517
0.00215517
0.00215517
0.00215517
0.00215517
0.00215517
0.00215517
0.00215517
0.00215517
0.00215517
0.00215517
0.00215517
0.00215517
0.00215517
0.00215517
0.00215517
0.00215517
0.00215517
0.00215517
0.00201207
0.00201207
0.00201207
0.00201207
0.00201207
0.00201207
0.00201207
0.00201207
0.00201207
0.00201207
0.00201207
0.00201207
0.00201207
0.00201207
0.00201207
0.00201207
0.00201207
0.00201207
0.00201207
0.00201207
0.00201207
0.00201207
0.00201207
0.00201207
0.00201207
0.00201207
0.00201207
0.00201207
0.00201207
0.00201207
0.00201207
0.00201207
0.00201207
0.00201207
0.00201207
0.00201207
0.00201207
0.00201207
0.00201207
0.00201207
0.00201207
0.00201207
0.00201207
0.00201207
0.00201207
0.00201207
0.00201207
0.00201207
0.00201207
0.00201207
0.00201207
0.00201207
0.00201207
0.00201207
0.00201207
0.00201207
0.00201207
0.00201207
0.00201207
0.00201207
0.00201207
0.00201207
0.00201207
0.00201207
0.00201207
0.00201207
0.00201207
0.00201207
0.00201207
0.00201207
0.00201207
0.00201207
0.00201207
0.00201207
0.00201207
0.00201207
0.00201207
0.00201207
0.00201207
0.00201207
0.00201207
0.00201207
0.00201207
0.00201207
0.00201207
0.00201207
0.00201207
0.00201207
0.00201207
0.00201207
0.00201207
0.00201207
0.00201207
0.00201207
0.00201207
0.00201207
0.00201207
0.00201207
0.00201207
0.00201207
0.00201207
0.00201207
0.00201207
0.00201207
0.00201207
0.00201207
0.00201207
0.00201207
0.00201207
0.00201207
0.00201207
0.00201207
0.00201207
0.00201207
0.00201207
0.00201207
0.00201207
0.00201207
0.00201207
0.00201207
0.00201207
0.00201207
0.00402414
0.00603622
0.00804829
0.00804829
0.00804829
0.00804829
0.00804829
0.00402414
0.00201207
0.00201207
0.00201207
0.00201207
0.00201207
0.00201207
0.00201207
0.00201207
0.00201207
0.00201207
0.00201207
0.00201207
0.00201207
0.00201207
0.00201207
0.00201207
0.00201207
0.00201207
0.00201207
0.00402414
0.0120724
0.028169
0.0402415
0.0422535
0.0523139
0.0603622
0.0482897
0.0422535
0.0261569
0.0160966
0.0140845
0.00402414
0.00201207
0.00201207
0.00201207
0.00201207
0.00201207
0.00201207
0.00201207
0.00201207
0.00201207
0.00201207
0.00201207
0.00201207
0.00603622
0.0100604
0.0221328
0.0623742
0.120724
0.193159
0.344064
0.486922
0.579477
0.61167
0.587525
0.496982
0.374245
0.259557
0.150905
0.0623742
0.00804829
0.00402414
0.00201207
0.00201207
0.00201207
0.00201207
0.00201207
0.00201207
0.00201207
0.00201207
0.00201207
0.00603622
0.0140845
0.0402415
0.0865191
0.185111
0.323944
0.519115
0.738431
0.861167
0.94165
0.937626
0.911469
0.828974
0.657948
0.476861
0.299799
0.140845
0.0422535
0.0181087
0.00603622
0.00201207
0.00201207
0.00201207
0.00201207
0.00201207
0.00201207
0.00201207
0.00603622
0.0140845
0.0482897
0.10664
0.187123
0.358149
0.589537
0.816901
0.911469
0.913481
0.887324
0.83501
0.828974
0.83501
0.754527
0.603622
0.39839
0.211268
0.084507
0.0221328
0.00603622
0.00201207
0.00201207
0.00201207
0.00201207
0.00201207
0.00201207
0.00201207
0.0100604
0.0402415
0.0885312
0.177062
0.334004
0.575453
0.800805
0.871227
0.83501
0.682093
0.585513
0.527163
0.599598
0.698189
0.734406
0.647887
0.442656
0.229376
0.100604
0.0321932
0.00402414
0.00201207
0.00201207
0.00201207
0.00201207
0.00201207
0.00201207
0.00201207
0.0160966
0.0704225
0.122736
0.263581
0.468813
0.762575
0.814889
0.788732
0.60161
0.380282
0.2334
0.279678
0.442656
0.665996
0.752515
0.712274
0.488934
0.249497
0.114688
0.0321932
0.00804829
0.00201207
0.00201207
0.00201207
0.00201207
0.00201207
0.00201207
0.00201207
0.0261569
0.0925553
0.169014
0.354125
0.595573
0.78672
0.762575
0.619718
0.344064
0.173038
0.16499
0.303823
0.547284
0.772636
0.82495
0.722334
0.486922
0.245473
0.0945674
0.0181087
0.00603622
0.00402414
0.00201207
0.00201207
0.00201207
0.00201207
0.00201207
0.00603622
0.0321932
0.100604
0.215292
0.44668
0.641851
0.772636
0.722334
0.450704
0.285714
0.221328
0.315895
0.513078
0.744467
0.881288
0.84507
0.712274
0.430584
0.205231
0.0503018
0.0120724
0.00402414
0.00402414
0.00201207
0.00201207
0.00201207
0.00201207
0.00201207
0.0100604
0.0382294
0.100604
0.22334
0.476861
0.651911
0.756539
0.68008
0.490946
0.408451
0.470825
0.571429
0.740443
0.863179
0.933602
0.841046
0.623742
0.338028
0.126761
0.0442656
0.00603622
0.00402414
0.00402414
0.00402414
0.00201207
0.00201207
0.00201207
0.00201207
0.0100604
0.0342052
0.0985916
0.207243
0.426559
0.61167
0.70825
0.70825
0.637827
0.635815
0.663984
0.750503
0.841046
0.923541
0.94165
0.78672
0.503018
0.229376
0.0965795
0.0362173
0.00804829
0.00201207
0.00402414
0.00402414
0.00201207
0.00201207
0.00201207
0.00201207
0.00804829
0.0261569
0.0885312
0.169014
0.348089
0.531187
0.623742
0.678068
0.688129
0.694165
0.70825
0.772636
0.865191
0.925553
0.897384
0.68008
0.37827
0.169014
0.0603622
0.0301811
0.00603622
0.00201207
0.00402414
0.00603622
0.00201207
0.00201207
0.00201207
0.00201207
0.00603622
0.0160966
0.0523139
0.124748
0.2334
0.382294
0.492958
0.579477
0.597585
0.607646
0.633803
0.704225
0.84507
0.909457
0.800805
0.551308
0.287726
0.122736
0.056338
0.0181087
0.00402414
0.00201207
0.00402414
0.00402414
0.00201207
0.00201207
0.00201207
0.00402414
0.00603622
0.00603622
0.0301811
0.0724346
0.132797
0.207243
0.303823
0.374245
0.400402
0.424547
0.521127
0.674044
0.810865
0.841046
0.704225
0.444668
0.235412
0.110664
0.0382294
0.0160966
0.00804829
0.00201207
0.00201207
0.00201207
0.00201207
0.00201207
0.00201207
0.00402414
0.00402414
0.00402414
0.0140845
0.028169
0.0583501
0.104628
0.150905
0.189135
0.227364
0.309859
0.460765
0.665996
0.756539
0.756539
0.581489
0.364185
0.215292
0.0945674
0.0321932
0.0221328
0.0120724
0.00402414
0.00201207
0.00201207
0.00201207
0.00201207
0.00201207
0.00201207
0.00402414
0.00402414
0.0120724
0.0181087
0.0342052
0.0482897
0.0623742
0.1167
0.181087
0.289738
0.468813
0.617706
0.663984
0.629779
0.458753
0.299799
0.189135
0.0985916
0.028169
0.0221328
0.0100604
0.00804829
0.00201207
0.00201207
0.00201207
0.00201207
0.00201207
0.00201207
0.00402414
0.00402414
0.00603622
0.0181087
0.0201207
0.0261569
0.0643863
0.100604
0.183099
0.348089
0.507042
0.585513
0.581489
0.50503
0.396378
0.261569
0.171026
0.0965795
0.0382294
0.0221328
0.0100604
0.00804829
0.00201207
0.00201207
0.00201207
0.00201207
0.00201207
0.00201207
0.00201207
0.00402414
0.00603622
0.0140845
0.0241449
0.0422535
0.084507
0.162978
0.28169
0.406439
0.498994
0.549296
0.527163
0.450704
0.313883
0.243461
0.162978
0.0985916
0.0523139
0.0221328
0.0100604
0.00804829
0.00201207
0.00201207
0.00201207
0.00201207
0.00201207
0.00201207
0.00201207
0.00201207
0.00402414
0.0160966
0.0342052
0.0704225
0.130785
0.22334
0.336016
0.444668
0.488934
0.492958
0.442656
0.368209
0.29175
0.237425
0.17505
0.110664
0.056338
0.0221328
0.0100604
0.00804829
0.00201207
0.00201207
0.00201207
0.00201207
0.00201207
0.00201207
0.00201207
0.00402414
0.00603622
0.0181087
0.056338
0.10664
0.17505
0.285714
0.354125
0.426559
0.438632
0.428571
0.384306
0.321932
0.277666
0.237425
0.162978
0.120724
0.0623742
0.028169
0.0140845
0.00603622
0.00201207
0.00201207
0.00201207
0.00201207
0.00201207
0.00201207
0.00201207
0.00603622
0.0120724
0.028169
0.0684105
0.124748
0.203219
0.295775
0.350101
0.386318
0.370221
0.352113
0.325956
0.287726
0.249497
0.22334
0.150905
0.102616
0.0643863
0.0342052
0.0160966
0.00402414
0.00201207
0.00201207
0.00201207
0.00201207
0.00201207
0.00201207
0.00201207
0.00402414
0.0140845
0.0342052
0.0724346
0.126761
0.189135
0.257545
0.295775
0.295775
0.285714
0.269618
0.247485
0.231388
0.205231
0.17505
0.108652
0.082495
0.054326
0.028169
0.0100604
0.00603622
0.00201207
0.00201207
0.00201207
0.00201207
0.00201207
0.00201207
0.00402414
0.00603622
0.00804829
0.0140845
0.0261569
0.0462777
0.0623742
0.0744467
0.0804829
0.084507
0.0804829
0.0865191
0.0764588
0.0704225
0.0643863
0.0523139
0.028169
0.0221328
0.0160966
0.00804829
0.00402414
0.00201207
0.00201207
0.00201207
0.00201207
0.00201207
0.00201207
0.00201207
0.00201207
0.00201207
0.00201207
0.00201207
0.00201207
0.00201207
0.00201207
0.00201207
0.00201207
0.00402414
0.00402414
0.00603622
0.00402414
0.00402414
0.00201207
0.00402414
0.00603622
0.00402414
0.00201207
0.00201207
0.00201207
0.00201207
0.00201207
0.00201207
0.00201207
